1 0 3 3
4 0 4 36
9 14 9 29
10 2 10 6
11 14 11 29
12 2 12 6
14 6 14 30
15 6 15 30
18 1 18 24
19 1 19 24
20 1 20 28
23 1 23 14
26 1 28 4
29 8 29 23
30 9 30 23
32 8 32 22
33 7 33 29
34 1 34 19
36 10 36 32
37 1 37 22
39 1 39 44
40 1 40 35
41 1 41 37
43 1 43 29
44 1 44 35
47 5 47 30
48 1 48 17
49 1 49 65
50 1 50 19
51 1 51 29
52 1 52 39
53 1 53 49
55 6 55 22
56 1 56 49
57 6 57 30
58 1 58 68
59 1 59 21
62 9 62 21
63 1 63 37
64 1 64 39
65 1 65 29
68 8 68 23
71 9 75 2
76 5 79 2
80 10 80 11
81 2 81 28
82 2 82 43
83 2 83 21
85 10 85 15
86 2 86 26
87 2 87 21
88 2 88 19
89 2 89 24
91 1 91 36
92 1 92 60
95 1 97 4
98 8 98 23
99 7 99 25
101 8 101 15
102 1 102 42
103 1 103 28
105 10 105 19
106 13 106 27
107 8 107 23
108 2 108 37
111 1 113 4
114 12 114 27
115 11 115 25
116 7 116 29
118 7 118 43
119 7 119 33
121 12 121 22
122 1 122 53
123 1 123 37
125 8 125 18
126 12 126 22
127 1 127 65
128 1 128 37
130 7 130 32
131 12 131 22
132 1 132 21
133 1 133 37
136 12 136 27
137 6 137 48
138 6 138 61
140 1 140 28
141 1 141 28
142 1 142 23
143 1 143 23
146 5 146 39
148 5 148 17
149 1 149 38
152 1 152 30
154 5 154 34
155 1 155 12
156 6 156 17
157 6 157 14
158 1 158 77
161 8 163 3
164 6 167 3
168 6 172 3
174 1 174 24
176 9 176 25
177 5 177 7
178 5 178 16
179 7 179 8
180 2 180 29
181 6 181 17
182 2 182 12
184 1 184 16
185 1 185 31
188 8 188 43
189 6 193 3
194 6 194 18
196 9 196 25
197 1 197 24
