1 0 14 3
15 0 15 16
17 54 17 59
18 1 20 4
21 6 21 31
22 1 22 15
23 10 23 12
24 5 24 6
25 6 25 18
26 4 26 11
29 4 29 16
30 4 30 11
33 18 33 66
34 7 34 28
35 9 35 24
44 9 44 44
45 4 45 20
47 2 47 14
50 6 50 22
53 8 53 16
54 1 54 11
55 1 55 11
56 7 56 16
58 13 58 15
59 8 59 28
60 5 60 39
61 3 61 14
62 2 62 11
63 2 63 12
64 8 64 21
65 1 65 11
67 0 67 25
70 1 75 4
76 1 76 14
77 8 77 32
80 1 86 4
87 8 92 2
88 2 90 3
90 7 90 25
90 26 90 27
96 8 99 2
97 18 97 31
97 35 97 56
103 8 114 2
104 18 104 31
104 35 104 56
125 1 131 4
134 6 134 12
136 10 136 33
137 4 137 26
139 2 139 26
142 6 142 23
144 15 144 17
145 14 145 24
146 5 146 19
147 3 147 11
149 9 149 22
150 2 150 19
151 2 151 22
153 21 153 23
154 6 154 49
156 8 156 79
157 4 157 9
159 8 159 44
160 8 160 43
161 7 161 18
163 9 163 80
164 5 164 10
168 9 168 36
171 2 171 14
174 13 174 21
175 6 175 42
176 5 176 19
177 7 177 43
178 2 178 14
181 13 181 21
182 6 182 42
183 5 183 19
184 7 184 43
185 2 185 14
