1 0 3 3
4 0 4 13
5 0 5 16
6 0 6 17
7 0 7 9
8 0 8 13
9 0 9 11
10 0 10 25
11 0 11 30
12 0 12 29
13 0 13 29
16 8 16 17
17 8 20 2
23 10 23 29
24 1 24 22
25 1 25 22
26 6 26 42
27 6 27 42
28 8 28 15
31 10 31 29
32 1 32 22
33 1 33 22
34 6 34 41
35 6 35 41
36 8 36 15
38 15 40 1
43 8 43 49
46 1 46 5
49 13 51 10
53 9 53 16
57 9 57 17
61 5 61 23
62 10 62 22
67 9 67 16
71 9 71 16
75 9 75 16
79 5 79 49
80 10 80 26
85 6 85 21
86 6 86 24
87 5 87 19
88 3 88 55
90 5 90 22
91 7 91 22
92 9 92 70
97 8 97 46
100 6 100 11
101 9 101 24
104 1 106 4
108 7 108 28
109 7 109 12
110 3 110 27
112 2 112 23
113 8 113 30
114 2 114 6
117 1 120 4
123 15 123 25
124 16 124 31
126 17 126 19
127 17 127 19
130 2 132 5
134 6 134 25
135 11 135 12
136 8 136 18
137 3 142 4
141 16 141 25
141 29 141 31
147 2 147 20
150 7 150 18
151 12 151 20
155 4 155 55
159 2 159 30
161 2 161 27
163 6 163 42
165 3 165 12
166 3 166 8
168 3 168 25
169 3 169 11
170 3 172 27
172 2 172 27
175 3 175 34
176 12 176 23
177 4 177 25
178 3 178 8
180 3 180 17
181 12 181 24
182 12 182 47
183 7 183 17
185 5 185 10
186 12 186 23
187 4 187 19
188 12 188 22
189 4 189 23
190 3 190 9
193 2 195 5
197 2 197 20
201 6 201 23
202 9 202 20
203 9 203 20
205 5 205 12
208 4 208 22
209 4 209 14
212 1 216 4
218 18 218 26
219 16 219 18
220 17 220 19
222 11 222 19
223 21 223 39
226 11 226 24
227 3 227 16
230 11 230 24
231 6 231 18
232 4 232 29
235 11 235 24
236 3 236 18
240 11 240 24
241 6 241 25
243 9 243 10
247 11 247 24
248 6 248 18
254 11 254 30
255 6 255 14
257 9 257 10
261 9 261 25
265 12 265 14
266 11 266 22
267 6 267 19
268 15 268 28
269 9 269 16
272 12 272 24
273 11 273 36
274 10 274 23
275 6 275 23
276 4 276 24
277 9 277 16
281 9 281 24
284 2 284 25
287 11 287 24
288 3 288 36
291 11 291 24
292 3 292 22
295 1 297 4
300 18 300 26
301 42 301 50
303 21 303 23
304 22 304 24
306 25 306 32
308 17 311 3
314 6 314 21
315 5 315 25
316 23 316 48
317 5 317 19
319 3 319 55
320 2 320 35
323 11 323 24
324 3 324 16
327 5 327 34
328 3 328 86
331 5 331 33
332 3 334 10
336 2 336 25
337 9 337 74
337 19 337 44
341 2 341 26
342 9 342 75
342 19 342 44
346 2 346 25
347 12 347 43
348 11 348 27
349 6 349 19
350 15 350 28
351 9 351 16
355 2 355 25
356 12 356 24
357 11 357 27
358 6 358 19
359 15 359 28
360 9 360 16
364 2 364 26
365 9 367 4
371 2 371 26
372 9 374 4
377 2 377 25
378 2 378 26
382 2 382 25
386 2 386 26
389 2 389 25
390 2 390 70
393 2 393 26
394 2 394 38
397 1 399 4
402 18 402 26
403 42 403 50
405 19 405 31
406 26 406 28
411 17 414 3
415 2 415 62
418 6 418 21
419 9 419 29
420 5 420 22
421 21 421 25
423 11 423 39
425 4 425 8
427 4 427 38
428 4 428 25
429 5 429 19
430 3 430 38
433 5 433 33
437 11 437 24
438 3 438 16
441 5 441 34
442 3 442 86
445 5 445 33
446 3 448 10
450 2 450 26
451 9 451 37
454 2 454 30
457 2 457 26
458 6 458 23
459 2 459 31
462 1 462 5
465 1 465 24
466 1 466 21
467 10 467 20
468 5 468 29
469 3 469 8
470 1 470 35
472 1 472 26
473 10 473 20
474 5 474 28
475 3 475 8
476 1 476 34
478 10 478 20
479 5 479 29
480 3 480 8
481 1 481 31
482 1 482 35
484 1 484 21
485 10 485 20
486 5 486 28
487 3 487 8
489 1 489 15
490 1 490 15
493 1 493 28
494 1 494 28
496 10 496 20
497 5 497 47
498 3 498 8
500 1 500 54
501 1 501 54
504 16 504 62
505 16 505 62
507 1 507 37
508 1 508 37
511 1 511 28
512 1 512 28
513 10 513 20
514 5 514 47
515 3 515 8
517 1 517 53
518 1 518 53
520 1 520 33
521 1 521 33
522 10 522 20
523 5 523 28
524 3 524 8
526 10 526 20
527 5 527 28
528 3 528 8
530 10 530 20
531 5 531 29
532 3 532 8
534 10 534 20
535 5 535 29
536 3 536 8
538 1 538 41
539 1 539 41
542 1 542 21
543 1 543 21
545 10 545 19
546 17 546 63
547 17 547 69
549 2 549 34
550 2 550 34
552 11 552 21
553 6 553 30
554 4 554 9
556 11 556 21
557 6 557 30
558 4 558 9
560 11 560 21
561 6 561 46
562 4 562 10
563 2 563 42
565 11 565 21
566 6 566 46
567 4 567 9
568 2 568 42
570 2 570 16
571 2 571 16
574 1 574 21
575 1 575 21
577 8 577 59
578 15 578 31
579 1 579 32
580 10 580 20
581 5 581 29
582 3 582 17
583 3 583 8
584 10 584 20
585 5 585 38
586 3 586 8
588 17 594 1
597 9 602 2
604 12 604 17
605 2 605 18
606 11 606 21
607 6 607 29
608 4 608 9
609 2 609 41
610 2 610 16
611 11 611 21
612 6 612 29
613 4 613 9
615 2 615 40
616 2 616 16
618 24 620 1
623 6 623 26
624 8 624 58
625 6 625 27
626 14 626 42
629 8 629 32
631 8 631 21
632 3 632 31
634 6 634 15
635 4 635 43
636 9 636 12
638 6 638 17
639 18 639 32
640 13 640 23
641 9 641 33
642 21 642 41
644 3 644 35
647 3 647 50
648 3 648 50
649 12 649 37
651 3 651 56
652 3 652 56
654 8 654 25
655 17 655 48
656 17 656 47
658 9 658 20
660 22 660 41
661 13 661 38
662 9 662 26
663 19 663 49
664 19 664 50
666 8 666 95
667 6 667 52
669 6 669 46
671 8 671 95
672 6 672 52
674 6 674 46
676 5 676 39
677 4 677 46
678 4 678 46
679 4 679 46
680 4 680 46
684 15 684 52
686 10 686 16
687 14 687 24
688 6 688 11
689 14 689 58
689 19 689 36
689 40 689 57
691 4 691 46
692 4 692 46
693 4 693 14
695 3 695 45
696 3 696 45
697 3 697 45
698 3 698 45
702 14 702 51
704 9 704 15
705 13 705 23
706 5 706 10
707 13 707 57
707 18 707 35
707 39 707 56
708 3 708 45
709 3 709 45
710 3 710 13
712 1 712 33
