1 0 3 3
4 0 4 13
5 0 5 16
6 0 6 15
7 0 7 15
8 0 8 14
9 0 9 18
10 0 10 16
11 0 11 16
12 0 12 12
14 0 14 26
18 8 18 17
21 25 21 27
22 8 22 17
25 1 46 4
48 13 48 52
51 2 53 5
55 22 55 32
56 17 56 41
60 2 63 5
65 11 65 37
66 3 66 24
68 9 68 13
71 2 73 5
75 9 75 41
78 2 80 5
82 9 82 29
85 2 89 5
91 2 91 33
93 5 93 22
97 8 97 21
98 25 98 33
101 2 113 5
115 5 115 26
116 3 116 17
119 18 119 26
122 1 131 4
133 13 133 43
136 2 145 5
146 15 146 20
147 14 147 18
148 19 148 28
151 14 151 30
153 5 153 32
154 10 154 35
157 10 157 19
160 5 160 24
161 10 161 22
164 12 164 28
166 12 166 25
168 9 170 3
173 9 173 44
176 13 176 44
179 1 181 4
187 18 187 26
188 19 188 28
191 30 191 33
195 8 195 22
197 15 197 80
198 15 198 34
200 6 202 3
204 9 204 16
207 1 224 4
228 21 228 34
229 1 229 18
232 13 232 24
233 28 233 46
236 9 236 33
239 27 239 35
241 23 245 2
246 1 246 24
247 1 247 26
250 2 252 5
254 10 254 12
255 8 255 19
257 8 257 24
258 3 258 11
259 9 259 19
261 9 261 14
264 6 264 20
265 7 265 38
266 7 266 21
268 9 270 3
273 16 279 2
280 18 282 10
283 23 283 27
284 2 286 5
287 9 289 10
290 26 290 30
291 2 293 5
294 9 296 10
297 25 297 29
298 2 300 5
301 9 303 10
305 9 305 34
308 26 308 44
309 5 309 16
310 10 310 33
319 2 328 5
330 9 330 30
330 9 330 55
330 35 330 55
333 2 339 5
340 2 340 6
346 21 346 23
347 2 347 13
350 2 352 5
354 5 354 20
357 2 357 18
358 2 358 27
362 2 371 5
373 2 373 6
376 2 383 5
385 5 385 29
386 21 386 26
388 2 388 47
389 15 389 27
390 2 390 31
394 3 394 9
395 9 395 22
396 3 396 18
399 2 403 5
404 2 404 41
407 2 410 5
411 21 411 23
412 9 412 33
415 2 417 5
419 10 419 12
420 7 420 9
422 5 422 33
423 3 423 53
424 8 424 83
426 9 426 20
429 2 436 5
438 9 438 23
441 2 445 5
447 2 447 22
450 1 467 4
475 9 475 33
478 9 478 64
481 6 481 8
482 7 482 55
483 9 483 16
485 44 485 90
486 29 486 41
487 14 487 24
488 3 488 37
491 2 500 5
503 8 503 16
504 15 504 42
506 26 506 45
507 17 507 36
508 5 508 47
509 29 509 31
511 4 511 18
513 9 513 22
514 3 514 18
516 22 516 36
519 5 519 34
522 5 522 20
524 22 524 45
525 13 525 17
526 5 526 18
529 3 529 28
534 2 537 5
539 5 539 29
544 16 544 39
545 3 545 21
547 30 547 53
548 20 548 33
549 4 549 25
555 2 560 5
562 5 562 24
563 16 563 21
565 4 565 38
567 4 567 29
568 4 568 15
571 2 571 27
574 2 578 5
580 29 580 48
581 15 581 34
582 3 582 50
583 32 583 40
585 2 585 55
586 2 586 21
589 9 589 18
592 6 592 15
593 2 593 18
594 11 594 21
595 3 595 17
596 7 596 8
597 3 597 19
600 2 602 5
604 10 604 20
605 5 605 19
608 2 608 16
610 11 610 26
611 12 611 17
613 11 613 16
614 10 614 23
615 3 615 26
616 3 616 20
618 11 618 18
619 6 619 20
620 4 620 17
623 2 623 15
626 2 630 5
633 5 633 50
635 3 635 28
638 2 641 5
643 9 643 23
646 17 646 51
648 10 648 36
653 1 666 4
669 9 669 16
672 2 672 6
675 2 677 5
678 2 678 31
680 8 680 19
681 5 681 42
682 24 682 58
683 3 683 33
685 25 685 29
686 2 688 5
689 11 689 22
690 7 690 30
691 8 691 16
694 3 694 11
695 9 695 22
701 2 703 5
705 11 705 22
706 2 706 15
708 7 708 36
709 13 709 21
712 3 712 11
713 9 713 22
714 3 714 22
715 3 715 14
717 32 717 58
718 2 721 5
722 6 722 17
724 8 724 22
725 7 725 15
727 4 727 24
728 10 728 24
729 4 731 10
733 9 733 44
736 2 738 5
739 9 739 20
740 2 740 26
741 9 741 13
744 2 747 5
748 2 748 6
751 2 753 5
754 2 754 6
757 2 760 5
761 2 761 18
764 2 768 5
769 16 769 30
770 19 770 29
771 19 771 29
772 23 772 33
775 1 788 4
792 2 797 5
799 9 799 18
800 22 800 24
802 9 802 13
805 2 807 5
808 9 808 52
811 2 814 5
816 9 816 38
819 2 826 5
828 9 828 20
832 2 834 5
835 9 835 45
838 2 838 25
839 2 839 37
842 5 842 42
844 3 844 41
845 14 845 66
845 46 845 56
845 60 845 65
847 6 847 25
848 4 848 42
850 9 850 34
853 1 872 4
875 24 875 34
875 24 875 59
875 38 875 59
876 24 876 34
877 20 877 22
879 19 879 26
882 2 882 28
885 2 885 26
886 6 886 34
887 2 887 9
888 11 888 12
889 3 889 16
892 2 894 5
895 6 895 20
896 5 896 6
897 11 897 22
898 3 898 28
900 3 900 28
903 2 903 57
906 2 908 5
909 2 909 22
912 2 915 5
918 39 918 43
920 11 920 22
921 5 921 23
924 3 924 7
926 3 926 21
927 6 927 28
930 4 930 32
933 6 937 3
939 9 939 16
942 1 946 4
949 22 949 30
952 11 952 28
953 10 953 31
954 3 954 27
957 5 957 71
960 8 960 50
963 12 963 34
964 8 964 44
966 13 966 35
967 5 967 14
968 3 968 29
971 2 971 27
974 5 974 26
976 2 976 26
977 2 977 42
