1 0 4 3
5 7 5 16
8 9 12 1
15 11 19 1
22 7 22 22
23 9 23 45
24 9 24 26
27 5 27 18
28 7 28 45
29 10 29 11
30 2 30 45
31 8 31 25
34 1 36 4
42 1 42 19
45 1 45 47
47 16 47 28
48 14 48 16
49 9 49 13
50 9 50 21
53 12 53 15
55 9 55 19
56 13 56 36
57 13 57 22
61 6 61 14
62 11 62 31
63 8 63 16
64 11 64 32
66 11 66 31
69 10 69 23
72 10 72 38
75 6 75 15
76 11 76 29
77 8 77 17
78 11 78 28
80 11 80 24
82 32 82 40
83 10 83 22
85 21 85 81
87 18 87 28
88 14 88 16
89 9 89 13
90 9 90 21
92 10 92 21
93 12 93 15
95 12 95 20
97 9 97 21
98 13 98 36
99 13 99 22
102 10 102 30
105 10 105 36
108 10 108 27
110 33 110 39
111 10 111 34
113 32 113 38
114 10 114 22
117 6 117 33
118 4 118 28
119 11 119 21
120 8 120 18
121 11 121 37
123 4 123 29
128 5 128 11
129 13 129 18
132 6 132 33
133 4 133 28
134 11 134 21
135 8 135 18
136 11 136 36
138 4 138 29
143 5 143 11
144 13 144 20
146 19 146 79
148 1 148 53
149 1 149 53
151 1 151 48
