1 0 29 3
32 1 49 4
51 18 51 26
52 16 52 22
53 16 53 22
54 18 54 26
57 12 57 58
62 5 62 51
64 10 64 42
67 1 99 4
103 10 103 12
106 15 106 33
107 5 107 11
110 3 110 46
111 3 111 17
112 7 112 25
115 6 115 25
117 13 117 33
118 7 118 18
120 16 120 19
122 16 122 30
123 16 123 28
124 13 124 21
126 7 126 28
128 24 128 42
129 12 129 22
132 6 132 73
133 6 133 11
135 5 135 48
136 9 136 32
137 8 137 29
138 6 138 75
140 6 140 11
142 30 142 50
143 5 143 45
144 9 144 28
146 8 146 14
148 6 148 31
149 6 149 69
151 5 151 10
152 9 152 26
153 5 153 72
156 5 156 66
157 5 157 10
158 8 158 28
160 25 160 42
161 13 161 20
163 7 163 20
164 5 164 52
165 5 165 19
168 13 168 16
169 14 169 62
170 26 170 33
171 8 171 27
173 31 173 47
174 6 174 46
177 6 177 59
178 6 178 11
181 6 181 12
183 4 183 29
184 4 184 67
186 3 186 8
197 1 197 49
200 16 200 31
201 16 201 36
204 16 204 31
205 1 205 44
208 13 216 1
217 0 217 14
220 1 241 4
244 32 244 38
245 5 245 22
247 4 247 52
248 10 248 19
250 4 250 58
251 7 251 25
252 7 252 12
253 7 253 22
254 3 254 7
257 3 257 48
259 8 259 9
