1 0 5 3
6 0 6 40
7 0 7 28
8 0 8 27
9 0 9 34
11 0 11 59
13 16 18 1
20 12 30 1
33 1 35 4
36 8 36 26
37 5 37 40
38 1 38 20
39 1 39 43
40 1 40 33
43 1 45 4
46 8 46 26
48 5 48 90
49 1 49 24
50 1 50 48
51 1 51 48
52 1 52 33
55 5 55 52
56 1 56 24
57 1 57 21
58 1 58 49
61 12 61 53
62 1 62 19
65 1 69 4
70 15 70 51
71 1 71 54
74 1 79 4
81 5 81 89
82 13 82 44
83 1 83 35
84 1 84 36
87 1 89 4
91 5 91 105
92 34 92 65
94 1 94 54
95 1 95 55
96 1 96 34
97 1 97 42
100 1 104 4
106 5 112 3
113 34 113 65
115 1 115 54
116 1 116 55
117 1 117 34
118 1 118 74
120 4 120 25
123 1 125 4
126 5 126 53
127 1 127 51
128 1 128 47
131 1 133 4
134 5 134 53
135 8 135 43
137 1 137 54
138 1 138 53
139 1 139 61
142 1 144 4
145 5 145 53
147 8 147 43
148 19 148 51
149 28 149 36
151 1 151 63
152 1 152 51
155 1 157 4
158 5 158 53
159 1 159 69
160 1 160 58
163 1 165 4
166 5 166 53
167 1 167 62
168 1 168 52
171 1 173 4
174 5 174 53
176 7 176 42
177 6 177 69
178 1 178 26
180 1 180 51
181 1 181 53
183 1 183 85
186 1 190 4
191 5 191 53
193 7 193 42
194 6 194 69
195 1 195 40
197 15 197 58
198 13 198 54
200 15 200 73
201 1 201 33
204 1 206 4
207 5 207 24
208 5 208 53
210 6 216 2
218 1 218 80
219 1 224 2
226 1 231 2
234 1 236 4
238 18 242 2
244 1 244 30
