1 0 34 3
35 0 35 15
36 0 36 16
37 0 37 13
38 0 38 19
40 24 40 86
42 8 133 1
135 1 135 24
137 1 141 4
142 1 142 13
144 9 144 32
146 4 146 26
147 9 147 40
149 8 149 41
152 1 165 4
166 13 166 15
169 9 169 60
173 5 173 12
174 13 174 17
175 13 175 45
176 12 176 48
178 13 178 16
179 12 179 15
181 9 183 10
185 2 195 5
196 9 196 16
200 2 202 5
203 9 203 16
207 2 209 5
210 9 210 16
213 22 213 26
214 2 216 5
217 9 217 24
220 2 222 5
224 33 224 37
226 9 226 72
229 2 231 5
233 33 233 37
234 10 234 29
236 5 236 17
238 10 238 14
240 9 240 63
244 2 248 5
249 10 249 31
250 11 250 55
252 11 252 96
252 70 252 79
252 83 252 89
253 2 253 35
255 7 255 24
256 9 256 98
260 2 264 5
265 9 265 82
268 5 268 36
270 6 270 38
272 7 272 80
272 31 272 39
272 44 272 78
278 1 288 4
289 13 291 14
293 2 295 5
296 10 298 3
299 10 299 21
301 10 301 24
302 11 302 13
304 11 304 16
305 6 305 36
307 4 307 54
307 39 307 45
308 12 308 16
309 13 309 15
311 4 311 12
314 7 314 20
315 15 315 19
317 5 317 21
320 2 322 13
320 37 320 43
324 2 326 5
328 9 328 68
332 2 334 5
336 6 336 8
337 36 337 53
338 21 338 74
339 13 339 48
339 23 339 30
339 34 339 40
340 16 340 63
340 45 340 55
340 59 340 61
342 3 342 70
343 2 343 32
345 9 345 17
348 2 356 5
357 7 357 27
358 5 358 6
359 10 359 15
362 2 365 5
370 11 370 20
372 16 372 20
373 7 373 26
374 8 374 20
375 16 375 17
376 17 376 19
377 16 377 17
378 10 378 23
379 9 379 24
381 17 381 18
382 18 382 20
384 9 384 45
387 7 387 12
389 5 389 21
392 9 392 37
394 11 394 40
395 12 395 36
398 18 398 58
399 19 399 60
400 20 400 62
