81 1 112 2
82 41 82 41
83 14 83 14
87 6 87 80
88 3 88 13
90 2 112 2
91 6 91 16
91 6 91 36
91 20 91 36
92 3 92 13
108 18 111 11
119 1 162 2
120 44 120 44
121 14 121 14
125 6 125 80
126 3 126 13
128 2 162 2
129 6 129 17
129 6 129 37
129 21 129 37
130 3 130 13
152 17 155 11
157 2 160 13
169 1 205 2
171 24 171 24
174 14 174 14
177 6 177 80
178 3 178 13
202 16 204 11
213 1 241 2
214 49 214 49
216 15 216 15
218 6 218 81
219 3 219 13
222 2 241 2
222 6 222 12
223 2 236 3
224 21 224 21
226 7 226 47
227 4 227 14
229 3 236 3
231 7 231 13
232 3 235 4
238 16 240 11
248 1 263 2
250 36 250 36
252 14 252 14
256 6 256 87
257 3 257 13
259 22 262 11
268 56 286 3
272 7 272 18
273 4 273 16
274 3 286 3
279 7 279 32
280 3 283 4
284 12 285 14
289 2 289 2
294 1 328 2
296 24 296 24
300 3 300 40
301 7 307 3
302 3 302 30
304 2 307 3
306 10 306 10
309 2 328 2
314 4 316 9
314 4 316 10
315 14 315 15
318 19 318 19
321 3 323 16
323 11 323 11
324 3 324 8
327 2 327 45
349 1 352 2
356 1 358 2
362 1 366 2
379 1 415 2
385 6 385 14
386 2 403 3
389 4 391 9
393 4 395 9
397 4 401 9
398 4 401 9
405 2 408 3
410 2 414 11
412 6 412 13
413 3 413 9
419 1 464 2
420 6 420 20
424 2 464 2
424 6 424 19
428 2 464 2
428 13 428 38
429 2 461 3
432 17 432 35
433 3 460 4
439 5 444 21
446 5 446 10
448 5 458 10
450 24 450 34
451 6 454 7
452 25 452 47
455 11 456 21
455 15 455 81
458 5 458 10
463 17 463 17
471 1 496 2
472 43 472 43
476 6 476 76
477 3 477 15
477 10 477 10
479 2 495 13
480 6 480 17
480 13 480 13
481 2 493 3
485 3 485 3
488 7 488 31
489 3 491 4
500 1 516 2
501 16 501 16
505 6 505 12
506 3 506 9
508 2 515 8
508 6 508 19
509 2 513 3
512 3 512 3
520 1 522 2
521 2 521 2
526 1 530 2
529 2 529 11
