1 0 3 3
4 0 4 16
5 0 5 10
6 0 6 13
7 0 7 16
11 1 11 16
12 4 12 66
13 13 13 47
15 13 15 43
16 7 16 45
18 5 18 31
19 10 19 24
20 5 20 27
21 10 21 20
22 9 22 11
25 1 29 4
30 4 30 26
31 9 31 18
33 8 33 27
35 3 35 66
37 2 40 5
41 9 41 60
44 9 44 38
47 1 49 4
51 8 51 27
52 8 52 27
53 5 53 8
55 8 55 22
56 8 56 27
59 8 59 52
60 9 60 45
61 7 61 42
62 11 62 49
63 8 63 60
66 1 69 4
70 4 70 35
71 2 71 34
72 6 72 38
73 2 73 42
75 2 75 15
78 1 80 4
81 5 81 10
82 7 82 21
83 2 83 34
84 6 84 14
87 1 89 4
90 6 90 15
91 7 91 22
92 2 92 48
93 7 93 17
95 45 95 84
98 6 98 12
101 19 101 52
102 8 102 12
103 8 103 12
104 2 104 14
107 10 107 28
109 3 109 25
110 9 110 19
111 3 111 7
114 16 114 43
115 5 115 33
116 10 116 11
118 8 118 15
121 1 123 4
124 9 124 28
125 8 125 59
126 8 126 41
129 1 134 4
135 27 135 78
136 5 136 8
139 5 139 29
141 9 141 29
146 16 146 22
147 5 147 29
148 7 148 31
149 7 149 29
151 6 151 29
153 8 153 35
161 1 163 4
165 11 165 19
166 9 166 35
167 8 167 34
168 4 168 20
171 11 171 28
172 11 172 30
174 8 182 2
185 1 187 4
188 18 188 29
189 12 189 22
190 12 190 48
191 13 191 24
193 6 193 14
194 11 194 39
196 11 196 25
197 9 197 57
198 7 198 15
199 9 199 21
201 4 201 26
203 15 203 24
205 15 205 62
207 5 207 28
208 7 208 22
209 6 209 44
211 12 211 23
213 12 213 53
215 9 215 35
216 8 216 34
217 4 217 20
220 11 220 53
221 11 221 26
224 9 228 2
230 8 239 2
242 1 245 4
246 15 246 44
247 24 247 75
249 11 249 46
250 19 250 58
252 4 252 37
253 21 253 44
255 21 255 23
258 5 258 38
261 13 261 34
263 13 263 43
265 12 265 68
267 13 267 91
270 1 273 3
276 4 276 60
277 11 282 3
280 3 280 13
280 17 280 45
280 51 280 52
286 4 286 37
287 11 287 40
291 8 291 92
294 1 296 4
297 9 297 11
299 7 299 25
300 2 300 62
300 32 300 37
300 41 300 60
301 10 301 25
303 8 303 13
306 4 306 20
307 15 307 32
307 15 307 50
307 36 307 42
307 48 307 50
309 15 309 48
311 4 311 66
311 27 311 47
311 52 311 64
312 10 312 22
314 10 314 40
316 8 319 2
322 14 322 19
324 11 324 22
326 63 326 78
328 5 328 21
329 3 329 11
331 13 331 23
332 2 332 78
335 41 335 49
337 12 337 25
338 12 338 23
339 9 339 44
341 5 341 12
342 16 342 42
343 10 343 34
344 8 344 25
346 4 346 35
348 6 348 13
349 12 349 61
350 4 350 39
352 5 352 12
353 9 353 16
354 6 354 18
357 12 357 50
358 14 358 21
360 16 360 42
361 10 361 34
363 9 363 26
365 7 365 20
366 14 366 38
368 14 368 22
370 4 370 51
373 12 373 40
374 7 374 12
375 10 375 29
376 14 376 16
377 15 377 22
378 5 378 70
380 11 380 14
381 3 381 37
384 4 384 14
385 2 385 44
386 11 386 21
387 3 387 51
389 4 389 11
391 2 391 61
392 2 392 56
395 47 395 56
398 1 398 39
400 4 400 29
402 10 402 20
404 10 404 44
406 4 406 16
407 2 407 29
409 5 409 36
410 17 410 35
412 2 412 42
413 11 413 22
414 3 414 19
417 5 417 24
419 11 419 18
420 1 420 57
421 1 421 50
423 16 423 17
424 2 424 22
425 2 425 69
426 2 426 22
427 2 427 58
428 2 428 51
431 17 431 64
432 2 432 40
435 1 437 4
438 11 438 25
439 1 439 39
440 1 440 19
