1 0 29 3
30 0 30 13
31 0 31 16
32 0 32 16
34 0 34 28
36 9 36 51
39 1 47 4
48 13 50 13
60 11 67 5
68 2 68 57
69 9 69 22
72 20 72 56
73 2 75 5
76 9 76 17
79 25 79 58
80 2 84 5
85 9 85 16
88 23 88 56
89 2 95 5
96 9 96 16
99 25 99 58
100 2 104 5
105 9 105 16
108 22 108 37
109 2 111 5
112 9 112 16
115 25 115 40
116 2 119 5
120 9 120 16
123 26 123 41
124 2 126 5
127 9 127 16
130 24 130 44
131 2 145 5
147 2 147 65
148 2 148 59
149 2 149 67
151 11 151 26
152 6 152 19
153 4 153 40
155 4 155 38
156 4 156 37
158 11 158 24
159 6 159 19
160 4 160 38
162 4 162 36
163 4 163 35
165 11 165 26
166 6 166 19
167 4 167 40
169 4 169 38
170 4 170 37
173 1 186 4
190 2 199 5
201 11 201 17
202 22 202 23
203 6 203 22
204 14 204 18
205 4 205 12
207 6 207 29
208 7 208 23
209 5 209 44
211 8 211 23
212 6 212 45
214 6 214 51
216 7 216 22
217 5 217 48
218 9 218 47
219 5 219 48
221 5 223 13
225 2 230 5
234 25 234 39
235 7 235 23
236 12 236 17
238 10 238 22
241 10 241 47
242 2 242 21
244 14 244 34
245 14 245 34
245 14 245 39
248 14 248 53
249 14 249 55
250 10 250 57
253 3 261 6
262 10 262 15
264 9 264 16
265 9 265 23
267 7 267 23
268 5 268 24
269 15 269 29
270 12 270 17
274 8 274 21
275 6 275 37
276 16 276 31
277 13 277 18
279 10 279 12
280 13 280 72
281 3 281 58
283 9 289 3
300 2 304 5
305 17 305 24
307 17 307 23
308 16 308 21
309 16 309 21
310 20 310 29
311 18 311 25
312 16 312 21
313 22 313 33
314 22 314 33
315 18 315 82
317 47 317 70
318 2 320 5
322 9 322 74
324 66 324 106
325 2 335 5
337 8 337 21
338 12 338 24
340 14 340 19
341 3 341 59
343 69 343 109
344 2 353 5
355 8 355 25
356 8 356 21
357 12 357 24
359 14 359 19
360 3 360 41
363 2 365 5
367 9 367 30
369 70 369 76
370 2 380 5
382 21 382 32
383 13 383 28
385 13 385 35
386 5 386 12
388 3 388 17
390 11 390 17
391 29 391 30
393 6 393 74
394 7 394 63
396 5 396 18
397 5 397 41
399 11 399 32
400 6 400 19
401 6 401 42
403 24 403 35
405 4 405 11
407 4 407 49
408 18 408 37
411 7 411 27
412 8 412 18
419 15 419 32
421 7 421 13
423 16 423 42
425 8 425 77
425 34 425 50
425 55 425 75
427 15 427 21
428 17 428 25
429 6 429 40
430 6 430 34
431 6 431 38
433 6 433 13
434 9 434 41
437 5 437 18
438 24 438 35
439 5 439 36
440 5 440 33
442 5 442 12
444 14 444 15
449 7 449 13
450 2 457 5
459 10 459 72
461 16 461 33
462 16 462 33
465 13 465 24
466 13 466 24
467 2 467 20
469 29 469 52
470 11 470 26
471 9 471 33
472 9 472 22
474 13 474 26
475 12 475 15
478 9 478 27
480 6 480 24
482 14 482 51
483 7 483 14
484 5 484 37
485 16 485 49
487 16 487 32
492 16 492 27
493 14 493 42
494 4 494 24
496 7 496 26
497 5 497 49
498 14 498 34
500 4 500 46
502 6 502 20
504 4 504 53
507 6 507 29
508 4 508 30
509 4 509 12
512 4 512 37
