1 0 1 27
2 0 2 41
3 0 3 30
6 8 6 45
7 14 7 26
8 6 10 3
11 7 11 10
12 16 12 108
13 2 13 18
14 2 14 27
17 1 19 4
20 1 20 46
21 1 21 47
24 1 26 4
27 10 31 14
33 1 33 90
36 1 38 4
39 10 44 14
46 1 46 110
49 1 51 4
52 10 55 14
57 1 57 72
60 1 62 4
63 10 67 14
69 1 69 85
72 1 74 4
75 10 79 11
81 1 81 74
84 1 86 4
87 10 91 18
93 1 93 80
96 1 98 4
99 10 103 17
105 1 105 78
108 1 110 4
111 10 115 20
117 1 117 84
120 1 122 4
123 10 128 11
130 1 130 72
133 1 135 4
136 10 139 14
141 1 141 57
144 1 146 4
147 10 155 2
157 7 157 48
158 1 166 2
169 1 171 4
172 10 180 2
182 7 182 48
183 1 192 2
195 1 197 4
198 10 208 2
210 10 220 3
222 1 222 44
225 1 227 4
228 5 228 41
229 1 229 37
230 1 230 31
231 1 231 26
232 1 232 23
235 1 240 4
241 5 241 41
242 1 242 70
243 1 243 31
245 1 245 44
246 10 246 57
247 1 247 67
248 1 248 38
250 6 250 31
251 1 251 27
252 1 252 24
253 1 253 41
254 1 254 31
255 1 255 25
258 10 258 34
259 10 259 30
261 10 261 40
262 1 262 47
264 15 264 20
265 8 265 51
266 3 266 50
269 1 271 4
272 6 272 54
273 9 273 28
275 9 275 45
277 2 277 49
278 11 278 47
279 1 279 43
281 2 281 57
283 7 285 3
286 3 286 27
288 10 288 46
289 18 289 74
290 1 290 43
293 1 295 4
296 6 296 54
297 9 297 30
298 2 298 39
300 1 302 3
304 10 304 56
305 18 305 74
306 1 306 43
309 9 309 55
310 1 310 35
312 10 312 31
313 2 313 42
314 1 317 3
319 7 319 60
320 1 320 33
321 7 321 62
322 1 322 33
