1 0 3 3
4 0 4 9
6 0 6 22
8 15 30 1
34 9 34 27
35 8 35 15
39 7 39 23
41 7 41 59
43 5 43 24
44 3 44 32
45 3 45 27
47 6 47 21
48 4 48 33
49 4 49 28
51 4 51 33
52 10 52 35
53 7 53 28
54 5 54 34
56 5 56 13
58 10 58 25
59 8 59 24
61 2 61 31
64 5 64 37
65 1 65 12
66 8 66 9
69 4 69 11
70 6 70 15
73 7 73 22
74 9 74 16
75 7 75 16
77 8 77 24
78 5 78 17
79 6 79 27
80 8 80 20
81 8 81 23
82 8 82 18
83 7 83 19
84 7 84 23
86 8 86 31
89 1 91 4
93 4 93 29
95 9 95 35
97 8 97 17
98 8 98 88
101 19 101 59
102 2 102 34
104 3 104 26
105 1 105 22
106 1 106 40
107 1 107 22
108 10 108 25
109 10 109 22
111 6 111 51
112 10 112 16
113 6 113 32
114 11 119 3
120 2 120 80
121 2 121 24
