1 0 3 3
4 0 4 16
5 0 5 18
6 0 6 36
7 0 7 30
9 8 44 1
61 1 61 5
64 1 67 4
69 5 69 17
71 10 71 11
72 21 72 22
73 5 73 21
74 13 74 17
75 3 75 11
77 5 77 28
78 6 78 22
79 4 79 43
81 7 81 22
82 5 82 44
84 5 84 50
86 6 86 21
87 4 87 47
88 8 88 46
89 4 89 47
91 4 91 44
94 1 96 4
97 10 97 17
98 5 98 28
99 3 99 43
101 3 101 10
103 3 103 26
104 1 104 28
105 1 105 30
106 1 106 23
107 7 107 36
108 10 108 25
109 9 109 30
111 15 111 26
112 8 112 36
113 9 113 30
114 1 114 19
115 12 115 48
116 7 116 40
118 6 118 51
119 9 119 75
120 5 120 29
123 22 123 58
124 9 124 56
125 8 125 50
127 3 127 55
128 3 128 47
130 22 130 61
131 9 131 41
132 8 132 70
133 3 133 55
134 3 134 47
