1 0 7 3
8 0 8 9
9 0 9 14
10 0 10 13
11 0 11 18
13 8 13 15
14 8 14 29
15 12 15 28
16 12 16 16
18 16 25 1
26 16 26 70
27 19 27 66
28 19 28 66
30 16 34 1
35 16 35 70
36 19 36 40
37 19 37 40
39 22 39 41
40 22 40 42
42 22 42 41
43 22 43 42
45 9 50 2
53 1 58 4
59 5 59 33
60 5 60 33
61 10 61 52
63 7 63 29
64 8 64 32
65 14 68 3
69 5 69 12
72 9 72 45
73 5 73 27
75 7 75 49
76 15 79 2
80 5 80 12
82 7 82 52
83 9 86 3
87 5 87 12
89 8 89 37
90 5 90 27
92 9 92 48
93 5 93 30
95 9 95 48
96 5 96 30
101 9 101 14
102 12 105 3
107 8 107 58
110 1 115 4
116 5 116 33
117 5 117 33
118 10 118 52
120 7 120 29
121 8 121 32
122 14 125 3
126 5 126 12
129 9 129 45
130 5 130 27
132 7 132 49
133 15 136 2
137 5 137 12
139 7 139 52
140 9 143 3
144 5 144 12
146 8 146 37
147 5 147 27
149 9 149 48
150 5 150 30
152 9 152 48
153 5 153 30
158 9 158 14
159 12 162 3
164 8 164 58
167 1 169 4
170 15 170 37
171 4 171 23
174 4 174 24
175 9 175 30
177 9 177 30
179 9 185 2
187 1 189 4
190 54 190 58
191 7 191 9
192 5 192 7
193 10 193 18
195 9 201 3
199 14 199 28
199 32 199 37
200 14 200 28
200 32 200 37
202 2 202 18
204 5 204 55
206 1 206 29
207 8 207 28
210 8 210 34
213 1 215 4
216 6 216 26
217 6 217 21
218 5 218 15
220 9 220 21
223 1 225 4
226 13 226 35
227 36 227 58
228 11 228 20
229 12 229 41
230 8 230 31
231 6 231 21
232 22 232 24
233 14 233 19
234 5 234 76
237 1 242 4
243 5 243 30
244 5 244 11
245 10 245 11
246 5 246 19
247 13 247 18
248 2 248 33
249 6 249 12
250 15 250 24
251 11 251 12
252 6 252 21
253 15 253 20
254 3 254 32
255 8 255 10
257 3 257 26
258 1 258 11
259 10 259 22
260 6 260 26
261 6 261 26
262 5 262 15
263 3 263 67
264 3 264 14
265 25 265 37
266 11 266 17
267 3 267 11
268 11 268 16
269 3 269 11
270 1 270 12
