1 0 3 3
4 0 4 16
5 0 5 34
7 0 7 27
8 0 8 35
9 0 9 31
10 0 10 39
12 18 15 1
17 23 17 39
17 49 17 60
17 66 17 88
17 97 17 103
18 7 18 10
18 18 18 31
18 40 19 1
20 8 20 48
21 14 24 2
26 4 26 8
27 6 27 20
28 2 31 4
32 6 32 12
33 2 36 4
37 10 37 74
38 9 38 62
39 10 39 22
41 11 41 47
42 15 42 60
44 8 44 50
47 1 49 4
50 1 50 47
51 1 51 51
52 1 52 51
55 1 55 57
56 1 56 61
59 1 59 60
61 24 61 69
64 1 66 4
69 2 69 17
71 12 71 14
73 10 76 2
77 5 77 71
78 1 78 13
80 19 80 38
81 24 81 34
82 1 82 36
83 1 83 38
84 1 84 29
86 1 86 28
87 1 87 24
88 1 88 40
89 1 89 29
90 6 90 19
91 1 91 37
94 26 94 60
95 24 95 34
96 1 96 28
97 1 97 36
98 1 98 38
99 1 99 29
101 1 101 24
102 1 102 40
103 1 103 29
104 6 104 19
105 1 105 37
107 17 107 20
108 14 108 18
109 2 109 28
110 19 110 37
111 1 111 33
114 26 114 104
115 9 115 18
116 24 116 34
117 1 117 36
118 1 118 38
119 1 119 29
121 1 121 24
122 1 122 40
123 1 123 29
124 6 124 19
125 1 125 37
126 1 126 35
128 17 128 20
129 14 129 18
130 2 130 28
131 19 131 37
132 1 132 41
135 1 135 19
137 10 140 2
142 12 142 14
144 9 144 10
145 5 145 53
149 25 149 66
150 25 150 38
152 5 152 47
153 5 153 80
154 1 154 13
154 15 154 27
156 5 156 10
157 10 157 25
158 9 158 22
159 1 159 44
161 5 161 42
162 10 162 25
163 9 163 22
164 1 164 44
166 5 166 41
167 10 167 25
168 9 168 22
169 1 169 44
172 1 176 4
177 11 181 2
182 5 182 43
184 1 184 37
185 1 185 35
188 1 190 4
191 1 191 5
194 1 196 4
197 10 200 2
201 5 201 7
202 8 202 43
203 10 203 26
205 7 205 30
206 6 206 76
208 6 208 44
209 5 209 36
210 8 210 35
211 1 211 17
213 5 215 2
217 1 217 7
219 7 219 35
220 26 220 40
221 1 221 19
222 1 222 7
223 1 223 64
226 1 228 4
229 10 232 2
233 5 233 7
234 8 234 43
235 10 235 26
237 7 237 30
238 6 238 76
240 6 240 44
241 5 241 36
242 8 242 35
243 1 243 17
245 5 247 2
249 1 249 21
250 1 250 7
251 7 251 14
252 1 252 62
255 1 258 4
259 5 259 7
260 8 260 43
262 10 262 26
263 7 263 30
264 9 264 24
266 5 266 64
267 8 267 35
268 1 268 17
269 1 269 7
271 5 271 58
272 1 272 7
273 7 273 35
274 26 274 40
275 1 275 19
276 1 276 7
277 1 277 64
279 1 279 43
280 1 280 51
281 1 281 29
282 1 282 28
283 1 283 7
285 17 285 24
286 5 286 34
287 1 287 14
288 20 288 43
289 1 289 30
290 1 290 29
291 1 291 19
292 1 292 7
294 8 294 59
295 1 295 22
296 1 296 7
297 1 297 26
300 1 303 4
304 5 304 7
305 8 305 40
307 10 307 26
308 7 308 30
309 9 309 24
311 5 311 64
312 1 312 40
313 1 313 7
315 5 315 58
316 1 316 7
318 1 318 47
319 1 319 51
320 1 320 29
321 1 321 28
322 1 322 7
324 18 324 25
325 17 325 27
327 5 327 25
328 1 328 14
329 20 329 43
330 1 330 30
331 1 331 29
332 1 332 17
333 1 333 7
336 8 336 59
337 1 337 22
338 1 338 7
339 1 339 26
341 9 341 37
342 1 342 18
343 1 343 75
344 1 344 29
345 1 345 20
346 1 346 7
348 8 348 46
349 10 349 32
350 11 350 37
351 11 351 18
352 11 352 19
354 1 354 20
355 1 355 7
356 1 356 26
358 3 358 26
359 1 359 12
359 13 359 51
360 1 360 39
