1 0 3 3
4 0 4 18
5 0 5 26
8 1 10 4
12 15 12 17
13 19 13 48
14 20 14 22
17 2 17 30
20 2 20 36
23 2 23 28
26 1 30 4
33 15 33 17
34 16 34 18
37 25 37 29
40 2 40 26
43 2 43 30
44 12 44 27
45 2 45 29
46 5 46 19
47 3 47 33
52 11 52 23
53 7 53 22
54 7 54 21
55 3 55 21
56 12 56 13
57 4 57 7
61 8 61 18
62 3 62 9
64 6 64 18
65 4 65 84
68 2 68 6
71 2 71 6
74 2 74 6
81 2 81 6
84 18 84 21
87 2 87 6
90 18 90 43
93 15 93 17
96 2 96 26
102 2 102 8
105 19 105 28
107 29 107 48
108 15 108 34
109 3 109 50
110 33 110 45
112 2 112 21
115 1 117 4
118 7 118 19
119 1 119 10
120 10 120 22
121 9 121 22
122 20 122 23
123 17 123 28
124 24 124 50
125 6 125 22
126 34 126 35
127 34 127 35
128 2 128 16
129 2 129 12
