1 0 34 3
36 0 36 18
38 15 38 30
39 17 39 38
41 14 41 31
44 19 44 36
45 1 45 14
46 15 46 20
47 2 47 40
48 2 48 18
51 8 51 30
54 1 60 4
61 1 61 29
62 1 62 37
63 1 63 34
64 1 64 38
65 1 65 34
66 1 66 34
67 1 67 39
68 1 68 41
69 1 69 38
80 1 80 96
84 1 84 112
86 15 86 69
87 12 87 104
88 24 88 37
89 29 89 47
90 33 90 50
94 32 94 48
95 33 95 48
96 34 96 50
97 36 97 51
100 19 100 21
102 10 102 20
103 6 103 24
104 23 104 24
105 31 105 32
106 41 106 42
107 41 107 42
108 1 108 9
111 2 113 5
115 9 115 20
116 5 116 23
117 11 117 14
120 8 120 14
121 8 121 19
122 12 122 28
123 6 123 19
124 12 124 19
125 4 125 9
127 12 127 25
129 9 129 50
130 6 130 22
131 12 131 22
132 10 132 20
134 12 134 15
135 10 135 20
136 9 136 13
138 8 140 1
143 1 153 4
161 5 161 17
163 7 163 13
166 4 166 18
168 9 168 19
170 15 170 26
171 5 171 22
173 10 173 16
176 6 176 37
177 11 177 22
178 10 178 24
181 11 181 21
182 10 182 24
183 12 183 26
186 12 186 18
192 7 193 52
197 12 197 23
198 5 198 10
200 17 200 20
202 12 202 28
203 4 203 19
206 18 206 26
208 13 208 29
209 4 209 20
211 6 211 47
213 18 213 27
215 16 215 32
216 4 216 23
219 5 219 56
221 5 221 54
223 19 223 31
224 5 224 44
225 19 225 31
227 4 227 25
228 11 228 31
230 5 230 45
231 12 231 33
233 10 233 21
235 4 235 25
236 9 236 55
236 22 236 31
236 35 236 47
236 51 236 54
238 4 238 26
239 10 239 44
239 24 239 36
239 40 239 43
241 4 241 29
242 13 242 34
244 8 244 58
247 1 249 4
251 4 251 10
253 8 253 73
255 15 255 24
258 1 263 4
265 4 265 14
266 9 266 11
267 8 267 44
270 1 272 4
274 5 274 7
275 4 275 24
276 7 276 11
276 7 276 17
276 15 276 17
277 7 277 12
278 6 278 25
279 7 279 11
279 7 279 17
279 15 279 17
280 7 280 10
281 6 281 25
282 7 282 11
284 4 284 21
285 7 285 11
286 4 286 21
287 7 287 10
288 7 288 11
289 4 289 21
290 7 290 10
291 7 291 11
292 4 292 21
293 7 293 10
294 7 294 11
295 8 295 9
297 10 297 14
300 1 302 4
304 4 304 58
306 9 306 23
309 11 309 28
310 8 310 14
311 6 311 25
313 11 313 25
314 8 314 18
316 9 316 23
319 8 319 22
321 38 321 60
322 1 327 4
329 7 329 23
330 4 330 14
336 6 336 18
337 11 337 26
338 5 338 22
339 20 339 26
340 10 340 25
341 14 341 33
343 10 343 30
347 4 347 23
348 9 348 43
350 11 350 22
351 4 351 19
353 9 353 11
355 13 355 35
356 5 356 20
358 10 358 22
362 13 362 35
364 9 364 21
365 14 365 35
366 6 366 21
369 11 369 41
371 13 371 34
372 5 372 20
375 6 375 26
377 17 377 38
378 11 378 33
379 14 379 37
382 20 382 63
385 16 385 37
386 6 386 23
388 11 388 41
389 20 389 71
392 11 392 44
393 15 393 43
394 7 394 22
397 15 397 47
399 15 399 55
400 16 400 42
401 8 401 23
405 13 405 43
407 8 407 45
410 1 412 4
414 4 414 34
417 5 417 7
418 4 418 21
419 7 419 49
420 5 420 22
421 8 421 11
422 8 422 54
423 7 423 10
425 4 425 21
426 7 426 49
428 4 428 21
429 7 429 10
430 7 430 52
431 7 431 10
433 4 433 21
434 7 434 10
435 7 435 49
437 8 437 9
439 17 439 28
442 8 445 2
448 1 453 4
454 5 454 7
458 13 458 17
459 15 459 19
461 4 461 21
462 7 462 48
463 5 463 23
464 15 464 20
465 5 465 23
466 19 466 24
467 5 467 23
468 15 468 20
469 5 469 23
470 18 470 23
471 5 471 23
472 15 472 20
474 4 474 21
475 5 475 9
476 15 476 52
478 15 478 17
480 4 480 21
481 5 481 9
482 16 482 54
485 16 485 18
487 4 487 21
488 18 488 33
489 8 489 9
492 1 494 4
496 8 504 3
497 2 497 15
497 2 501 4
498 2 501 4
502 2 502 46
507 1 509 4
511 5 511 18
512 4 512 18
513 6 515 4
516 5 516 19
517 4 517 18
518 6 518 24
519 5 519 22
520 4 520 18
521 6 521 49
523 8 536 2
539 1 544 4
546 8 546 52
549 1 551 4
553 8 553 26
556 1 558 4
560 4 560 21
561 6 561 31
561 6 561 38
561 35 561 38
563 6 563 9
565 4 565 22
566 6 566 38
567 9 567 25
569 8 569 9
582 1 584 4
585 4 585 10
586 2 586 26
588 1 588 41
591 4 591 21
592 2 592 60
594 4 594 25
595 2 595 26
596 2 596 73
598 4 598 45
599 2 599 26
601 4 601 21
602 2 602 60
604 4 604 24
605 2 605 26
606 2 606 69
607 2 607 26
609 4 609 21
610 2 610 26
611 2 611 60
614 4 614 18
616 1 616 25
618 4 618 9
619 9 619 17
620 5 620 25
621 3 621 7
623 3 623 68
624 6 624 20
625 4 625 28
626 4 626 81
626 27 626 28
626 32 626 34
628 13 628 22
629 2 629 26
631 5 631 25
632 3 632 11
633 2 633 67
634 5 634 19
635 3 635 27
636 3 636 80
636 26 636 27
636 31 636 33
639 4 639 21
641 1 641 25
642 1 642 71
645 4 645 34
648 4 648 26
650 2 650 36
651 2 651 24
655 9 655 13
656 12 656 21
657 4 657 8
658 9 658 17
660 5 660 10
661 10 661 19
662 3 662 16
666 4 666 9
667 2 667 39
668 14 668 24
669 3 669 69
670 3 670 37
673 5 673 18
676 4 676 12
677 5 677 15
678 3 678 40
679 3 679 79
680 3 680 18
682 17 682 25
683 3 683 41
684 3 684 75
686 4 686 21
687 2 687 37
688 2 688 67
691 1 696 4
697 7 697 89
698 8 698 26
699 8 699 26
701 2 704 53
706 3 706 26
707 1 707 11
708 5 708 23
709 1 709 9
710 5 710 14
711 10 711 11
712 2 712 10
713 1 713 20
