1 0 7 3
8 0 8 13
9 0 9 18
10 0 10 16
11 0 11 16
13 0 13 27
14 0 14 55
15 0 15 37
16 0 16 27
18 0 18 39
19 0 19 28
20 0 20 25
22 0 22 25
23 0 23 26
25 17 25 60
28 1 36 4
37 4 37 25
38 2 38 19
41 10 41 30
42 5 42 28
43 3 43 8
48 17 48 30
49 10 49 28
50 16 50 29
51 5 51 15
53 6 53 15
54 4 54 21
57 11 57 30
58 4 58 33
60 6 60 15
61 11 61 17
63 11 63 34
65 3 65 37
68 1 72 4
86 2 94 5
95 16 95 47
96 13 96 37
97 17 97 19
98 17 98 24
101 2 103 5
104 16 104 64
105 19 105 64
107 8 107 25
108 20 108 26
109 5 109 12
110 22 110 28
112 9 112 13
115 2 117 5
118 16 118 27
119 16 119 64
121 9 121 13
124 25 124 29
125 2 127 5
128 9 130 16
132 2 132 34
133 9 133 20
136 9 139 4
142 2 144 5
146 7 146 26
147 6 147 17
148 14 148 21
149 7 149 16
151 6 151 13
152 11 152 12
153 8 153 40
154 4 154 26
155 8 155 16
157 11 157 12
159 9 159 13
163 9 166 43
170 9 170 38
173 19 173 39
174 2 176 5
177 9 177 33
180 20 180 41
181 2 183 5
184 9 184 38
187 22 187 26
188 2 190 5
191 9 193 10
194 22 194 26
195 2 197 5
198 7 198 40
199 5 199 20
202 9 204 10
205 21 205 41
206 2 209 5
211 7 211 40
212 5 212 20
213 10 213 33
215 7 215 43
216 5 216 57
217 10 217 12
222 2 224 5
226 14 226 38
227 9 227 34
231 2 235 5
237 6 237 50
238 5 238 15
240 7 240 17
242 7 242 17
245 3 245 58
247 18 310 2
313 25 313 30
314 2 316 5
317 9 317 59
320 2 320 17
322 2 324 5
326 5 326 28
327 10 327 33
329 10 329 25
333 2 335 5
337 11 337 36
338 9 338 39
341 25 341 35
342 2 344 5
346 9 346 61
349 68 349 87
350 2 352 5
354 5 354 33
357 7 357 44
358 9 358 18
361 19 361 22
362 2 364 5
365 9 365 52
368 23 368 26
369 2 371 5
372 2 374 10
375 20 375 24
376 2 378 5
380 8 380 37
381 9 381 24
381 9 381 35
381 28 381 35
384 1 384 34
385 8 385 31
388 1 388 34
389 8 389 41
392 1 392 34
393 8 393 41
396 1 396 35
397 8 397 14
404 1 404 34
406 4 406 17
407 26 407 41
408 9 408 11
410 35 410 68
411 5 411 28
412 27 412 43
414 27 414 45
416 8 420 2
427 1 427 34
429 4 429 17
430 26 430 41
431 9 431 11
433 35 433 68
434 5 434 25
437 5 437 28
438 27 438 43
440 27 440 45
442 8 446 2
456 1 458 4
460 14 460 33
461 13 461 28
462 12 462 14
463 12 463 14
465 4 465 38
466 8 466 67
468 8 468 68
470 1 474 3
475 15 475 35
479 13 479 27
480 14 480 16
481 16 481 22
482 16 484 5
487 2 487 18
490 1 493 4
494 10 494 28
495 2 495 52
514 1 516 4
518 15 518 36
520 4 520 28
521 7 521 34
522 14 525 3
527 14 527 36
529 10 529 24
532 10 532 18
533 15 533 17
534 21 534 23
537 2 537 23
541 7 541 23
544 11 544 13
545 13 545 15
546 16 551 3
554 8 554 29
555 12 555 18
556 4 556 27
557 7 557 16
559 5 559 10
571 2 571 25
573 23 573 51
575 2 575 59
580 9 580 11
581 21 581 23
582 16 590 3
594 9 594 27
595 13 595 19
596 8 596 17
598 6 598 11
601 5 601 28
603 8 603 24
604 6 604 10
606 9 606 13
611 7 611 60
614 14 614 16
615 51 615 62
627 9 627 22
628 3 628 8
630 3 630 57
633 1 633 8
635 1 635 30
636 10 636 27
637 2 637 13
638 1 638 25
641 14 641 48
642 16 642 18
643 11 643 20
644 3 644 24
645 6 645 10
646 4 646 18
648 17 648 31
649 1 651 4
655 9 655 33
659 2 661 5
662 34 662 43
663 9 665 14
667 2 669 5
670 39 670 48
671 9 671 57
674 18 674 23
675 17 675 38
676 20 676 37
677 2 677 23
679 17 679 31
680 1 682 4
686 9 686 33
690 2 692 5
693 37 693 46
694 9 696 14
698 2 700 5
701 42 701 51
702 9 702 46
705 2 705 6
708 16 708 20
709 19 709 36
712 2 712 26
713 20 713 22
714 9 714 31
717 18 717 23
718 17 718 72
719 20 719 37
720 2 720 23
723 9 726 2
727 6 727 60
728 6 728 59
729 9 729 23
730 8 730 25
733 9 736 2
737 6 737 59
738 6 738 60
739 9 739 23
740 8 740 25
742 30 742 54
743 30 743 54
