1 0 3 3
4 0 4 27
5 0 5 39
6 0 6 84
8 15 8 48
11 7 11 29
12 8 12 31
13 8 13 55
14 8 14 47
15 2 15 77
16 8 16 10
19 6 19 54
20 8 20 27
22 8 22 29
23 1 23 48
24 8 24 29
25 1 25 49
26 1 26 38
27 1 27 38
29 9 29 35
30 1 30 45
31 8 31 31
34 1 36 4
37 6 37 32
38 9 38 29
39 1 39 47
42 1 44 4
45 13 45 29
46 7 46 43
47 2 47 46
50 1 52 4
53 6 53 54
54 8 54 32
55 1 55 11
57 6 57 25
58 7 58 24
59 21 59 23
61 1 61 25
62 1 62 37
63 1 63 28
66 1 68 4
69 6 69 54
70 8 70 32
71 8 71 29
72 1 72 30
74 6 74 25
75 12 75 39
76 1 76 12
77 8 77 19
79 1 79 12
80 1 80 25
83 1 85 4
86 10 86 25
87 12 87 39
88 1 88 12
89 8 89 19
91 1 91 12
92 1 92 25
94 12 99 2
101 10 101 18
102 2 102 40
105 1 108 4
109 10 109 25
110 1 110 20
112 12 112 35
113 1 113 16
114 1 114 10
116 12 121 2
123 10 123 18
124 2 124 40
126 1 126 41
129 1 132 4
133 10 133 25
134 1 134 34
136 1 136 12
137 13 137 61
138 1 138 32
139 1 139 28
141 14 141 41
142 1 142 21
143 1 143 35
146 1 150 4
152 10 152 25
153 5 153 41
154 6 154 45
155 6 155 34
157 8 157 21
158 8 158 54
159 1 159 47
162 1 166 4
168 10 168 25
169 5 169 49
170 6 170 45
171 6 171 34
173 8 173 21
174 8 174 52
175 1 175 47
178 1 182 4
183 6 183 44
184 17 184 32
186 1 186 21
187 1 187 32
190 1 194 4
195 6 195 44
196 17 196 41
198 1 198 32
199 1 199 29
202 1 204 4
205 10 205 25
206 1 206 12
207 6 207 29
208 13 208 40
209 1 209 32
212 6 212 64
213 1 213 65
214 1 214 51
217 1 219 4
220 5 220 24
221 7 221 29
222 10 222 25
223 1 223 12
224 6 224 29
225 13 225 40
226 1 226 32
228 6 228 64
229 10 229 33
231 1 231 47
232 1 232 69
235 1 237 4
238 5 238 24
239 7 239 29
240 10 240 25
241 1 241 12
242 6 242 29
243 13 243 40
244 1 244 32
246 10 246 33
247 6 247 47
250 1 250 48
251 1 251 86
252 1 252 77
255 1 261 4
262 10 262 25
263 1 263 12
264 6 264 29
265 13 265 40
266 6 266 43
268 2 268 55
269 2 269 53
270 1 270 76
273 1 279 4
280 10 280 25
281 1 281 12
282 6 282 29
283 13 283 40
284 6 284 43
286 1 286 58
287 1 287 22
288 1 288 26
291 2 291 58
292 1 292 18
293 1 293 70
295 2 295 37
296 2 296 56
297 1 297 18
298 1 298 64
301 1 303 4
304 7 304 23
305 1 305 86
308 1 310 4
311 10 311 25
312 1 312 12
313 1 313 11
314 7 314 23
316 10 316 31
317 1 317 26
320 1 320 45
323 1 325 4
326 10 326 25
327 1 327 12
328 1 328 11
329 7 329 23
331 10 331 31
332 1 332 11
333 1 333 70
334 1 334 70
337 1 339 4
340 10 340 25
341 1 341 12
342 1 342 11
344 7 344 23
345 6 345 27
346 1 346 11
348 6 348 29
349 1 349 53
351 6 351 29
352 1 352 53
355 1 358 4
359 8 359 44
360 8 360 43
362 5 367 2
369 5 369 30
370 1 370 45
372 10 372 17
373 1 373 28
374 1 374 13
375 1 375 23
376 1 376 40
377 1 377 35
380 1 383 4
384 8 384 44
385 8 385 43
387 5 391 2
393 5 393 30
394 10 394 17
396 1 396 28
397 1 397 13
398 1 398 23
