1 0 3 3
4 0 4 46
5 0 5 38
7 0 7 35
8 0 10 9
10 1 10 9
12 1 29 4
31 1 31 19
32 1 32 59
35 2 38 5
40 9 40 60
42 48 42 82
43 2 45 5
47 9 47 46
49 62 49 64
49 69 49 82
50 2 52 5
54 12 54 18
55 3 57 9
57 1 57 9
59 1 61 4
63 1 63 24
64 1 66 14
67 50 67 52
67 57 67 82
68 2 81 5
84 11 84 52
88 14 88 23
89 2 89 16
91 9 91 25
93 52 93 55
94 2 97 5
99 11 99 50
100 6 100 40
101 11 101 12
104 44 104 47
105 2 108 5
111 7 111 23
112 8 112 15
114 12 114 36
115 6 115 28
116 11 116 12
120 9 120 18
122 30 122 45
123 2 127 5
129 9 129 30
130 7 130 37
131 9 131 29
133 45 133 70
134 2 138 5
143 5 143 32
144 12 144 28
146 11 146 21
148 7 148 18
149 12 149 14
150 14 150 16
151 11 151 29
154 17 154 19
155 22 155 64
156 3 156 31
157 13 157 22
159 5 159 14
160 3 160 25
162 57 162 70
163 2 168 5
170 16 170 22
171 3 173 9
173 1 173 9
175 1 197 4
199 1 199 14
200 1 200 74
201 1 201 70
202 1 202 31
203 1 205 14
208 14 208 38
209 9 211 14
214 9 219 13
221 2 227 5
229 2 229 27
230 7 230 23
231 13 231 56
234 11 234 20
235 11 235 20
237 9 243 3
245 44 245 59
246 2 248 5
250 23 250 37
251 13 251 18
252 3 252 24
254 2 254 16
256 48 256 61
257 2 259 5
261 23 261 37
262 17 262 23
263 3 263 28
265 2 265 16
