1 0 6 3
7 0 7 50
8 0 8 33
10 0 10 27
11 0 11 33
12 0 12 31
14 10 23 1
25 1 25 15
27 1 46 4
48 1 48 13
49 1 49 19
50 1 50 26
53 11 53 73
54 9 54 42
57 9 57 64
59 27 59 30
60 9 60 27
63 2 65 5
66 9 66 62
68 1 68 15
70 1 72 4
73 1 73 15
74 1 76 13
78 2 83 5
84 8 84 30
85 5 85 15
86 10 86 29
88 9 88 68
88 37 88 59
91 1 96 4
99 9 99 32
102 9 102 36
105 2 107 5
109 5 109 22
110 11 110 28
111 13 111 46
114 11 114 16
115 13 115 17
117 10 117 36
119 9 119 29
123 1 138 4
140 1 140 20
141 1 141 29
142 1 144 10
145 24 145 28
146 2 148 5
149 9 149 29
152 7 152 19
152 7 152 48
152 24 152 47
153 9 153 30
156 2 158 5
159 9 159 84
163 1 178 4
180 1 180 25
181 1 181 19
182 1 182 24
183 1 185 10
187 1 195 4
197 1 197 19
198 1 200 15
200 1 200 15
202 1 228 4
230 1 230 15
231 1 231 21
232 1 232 21
233 1 233 24
236 2 240 5
241 5 241 33
242 10 242 14
243 9 243 74
246 13 246 55
248 5 248 19
249 10 249 46
251 10 251 18
255 2 260 5
261 2 261 30
262 9 262 34
266 2 269 5
270 20 270 33
271 5 271 27
273 21 273 28
275 15 275 37
277 16 277 49
278 5 278 23
279 16 279 22
280 17 280 32
282 16 282 56
284 9 284 63
286 13 292 1
295 1 297 4
299 20 299 30
301 38 301 49
302 2 302 83
304 38 304 58
305 2 305 83
306 11 306 34
309 1 311 4
313 1 313 22
314 52 314 58
314 63 314 73
315 1 332 4
334 4 334 30
335 10 335 28
337 10 337 25
