1 0 1 18
2 0 2 16
3 0 3 21
4 0 4 13
5 0 5 16
7 0 7 39
8 0 8 33
11 1 14 4
18 2 18 22
20 8 20 12
22 7 22 27
23 8 23 32
24 5 24 31
25 12 25 16
26 16 26 19
27 1 27 12
29 1 29 21
30 1 30 17
33 5 33 7
35 2 35 12
36 2 36 13
37 12 37 18
38 1 38 21
39 1 39 20
42 1 42 16
43 1 43 26
44 1 44 20
45 1 45 14
48 7 48 27
49 8 49 32
51 5 51 30
52 12 52 16
53 16 53 19
55 5 55 22
56 12 56 16
57 13 57 16
58 1 58 12
59 1 59 15
61 10 68 2
69 10 69 16
70 2 70 17
72 1 72 72
74 5 74 29
75 12 75 16
76 13 76 16
78 5 78 22
79 12 79 16
80 13 80 16
81 1 81 12
82 1 82 15
84 10 84 31
85 10 85 16
86 2 86 17
88 1 88 46
90 5 90 32
91 1 91 12
92 1 92 39
93 1 93 33
95 3 95 26
96 1 96 12
96 13 96 52
97 1 97 41
