11 29 11 30
15 32 15 35
19 2 19 44
21 2 21 45
23 24 23 69
26 2 26 43
28 30 28 42
29 30 29 40
31 2 31 22
31 2 31 74
31 23 31 44
38 1 61 2
43 6 43 35
43 14 43 35
44 3 44 13
46 3 46 32
46 11 46 32
48 8 48 22
49 6 49 17
49 13 49 13
50 3 50 13
52 2 60 11
52 16 52 16
69 1 77 2
84 1 98 2
85 6 85 16
86 2 95 3
90 7 90 27
91 3 94 4
92 4 92 22
97 2 97 36
106 1 160 2
108 14 108 14
108 26 108 26
108 37 108 37
110 6 110 20
110 16 110 16
111 2 133 3
114 7 114 47
115 3 129 4
116 20 116 20
119 8 119 18
119 14 119 14
120 5 120 42
121 4 121 4
121 4 121 12
122 4 122 4
122 4 122 12
135 2 160 2
137 6 137 22
138 2 141 3
143 2 155 3
144 7 144 17
144 13 144 13
145 4 145 37
147 65 147 65
148 7 148 18
148 14 148 14
149 4 149 13
151 3 154 4
157 2 157 12
158 2 158 12
159 2 159 12
167 1 189 2
168 12 168 12
171 6 171 20
172 6 172 15
172 11 172 11
173 2 176 3
174 3 174 21
177 2 188 11
177 14 177 14
178 19 178 37
193 1 202 2
194 6 194 25
195 3 195 29
198 2 201 11
198 20 198 34
200 28 200 28
210 1 249 2
212 15 212 15
216 6 216 18
216 14 216 14
217 2 220 3
218 3 218 23
223 2 248 15
223 20 223 20
225 5 245 3
226 38 226 43
226 45 226 48
227 3 240 4
229 24 229 24
231 35 231 35
234 8 234 18
234 14 234 14
235 5 235 47
237 5 237 14
239 4 239 13
243 3 243 23
246 9 246 21
246 17 246 17
256 1 306 2
264 49 264 49
270 9 270 18
270 14 270 14
271 2 278 3
273 15 273 33
273 35 273 38
274 4 274 4
274 4 274 12
276 3 276 23
285 6 285 15
285 11 285 11
286 2 291 3
287 15 287 35
287 37 287 40
288 4 288 4
288 4 288 12
297 9 297 18
297 14 297 14
298 2 305 3
300 15 300 33
300 35 300 38
301 4 301 4
301 4 301 12
303 3 303 23
313 1 343 2
318 9 318 18
318 14 318 14
319 2 324 3
321 15 321 33
321 35 321 38
322 4 322 12
323 3 324 3
326 2 343 2
327 6 327 15
327 11 327 11
328 2 331 3
329 15 329 35
329 37 329 40
330 4 330 12
333 2 343 2
334 9 334 18
334 9 334 37
334 14 334 14
334 22 334 37
335 2 340 3
337 15 337 33
337 35 337 38
338 4 338 12
339 3 340 3
342 2 342 11
350 1 374 2
351 18 351 32
352 6 352 27
352 23 352 23
353 2 356 3
358 2 374 2
358 26 358 26
359 31 359 49
361 20 361 34
362 6 362 29
362 25 362 25
363 2 366 3
368 2 373 11
368 28 368 28
