1 0 13 3
14 0 14 13
15 0 15 18
16 0 16 15
17 0 17 16
19 0 19 27
20 0 20 43
21 0 21 19
24 1 29 4
30 10 30 15
31 6 31 23
32 2 32 51
35 1 37 4
38 8 38 27
41 1 46 4
47 10 47 36
49 12 49 21
50 23 50 39
53 11 53 28
54 8 54 31
59 5 59 23
60 10 60 24
63 19 63 40
64 10 64 22
65 13 65 40
66 6 66 21
69 5 69 26
72 8 74 2
77 1 80 4
81 11 84 2
83 12 83 29
83 33 83 36
83 46 83 61
83 65 83 68
86 8 86 29
89 1 92 4
94 9 94 35
96 7 96 12
97 12 97 27
99 11 99 44
101 6 101 16
102 4 102 56
104 6 104 26
105 4 105 12
107 7 107 23
108 6 108 20
109 9 109 57
110 4 110 31
112 4 112 19
115 12 117 1
120 1 125 4
127 28 127 77
128 26 128 61
129 28 129 62
132 47 132 76
133 2 135 5
136 27 136 48
137 2 137 18
138 11 138 47
139 9 139 35
142 55 142 63
143 2 145 5
146 9 148 10
149 62 149 70
150 2 152 5
153 9 155 10
157 2 162 5
163 10 163 30
165 11 165 58
166 9 166 26
167 10 167 12
169 10 169 55
172 2 174 5
175 15 175 17
176 18 176 20
177 15 177 20
180 2 185 5
186 2 186 14
187 15 187 30
188 15 188 20
190 5 190 19
191 16 191 57
194 9 194 25
197 9 197 36
200 2 202 5
204 5 204 35
205 10 205 44
207 10 207 53
208 11 208 56
210 11 210 18
211 9 211 23
212 11 212 17
214 9 214 28
216 60 216 108
217 2 220 5
221 15 221 33
222 9 222 41
224 51 224 112
225 2 228 5
229 15 229 40
230 9 230 41
232 50 232 83
233 2 238 5
240 5 240 30
241 3 241 19
242 7 242 28
243 3 243 24
245 7 245 22
246 8 246 24
247 15 247 33
248 7 248 24
249 5 249 12
252 2 254 5
255 8 255 46
258 18 258 71
259 9 259 49
262 9 264 10
266 9 266 41
269 2 271 5
273 7 273 45
274 9 274 49
276 10 276 54
278 18 278 21
279 15 279 20
280 15 280 45
282 9 282 13
285 2 287 5
289 5 289 41
290 3 290 24
292 11 292 55
293 2 293 26
294 7 294 45
295 3 295 66
297 9 297 13
300 2 303 5
304 13 307 3
309 10 309 59
311 18 311 26
312 15 312 20
313 15 313 45
315 9 315 13
318 2 322 5
324 10 324 28
325 10 325 29
327 6 327 31
328 5 328 19
329 10 329 22
331 2 331 21
333 8 333 13
334 13 334 28
335 12 335 45
337 7 337 17
338 5 338 57
340 8 340 29
341 7 341 17
342 5 342 20
344 5 344 19
347 2 350 5
351 5 351 25
352 10 352 31
354 11 354 21
355 11 355 21
356 10 356 16
357 6 357 35
358 11 358 49
361 1 363 4
364 23 364 58
366 2 366 22
368 2 370 5
371 9 371 47
374 17 374 19
375 18 375 23
377 20 377 22
378 16 378 18
382 16 382 40
384 2 384 22
386 6 386 48
387 5 387 16
389 3 389 18
390 9 390 17
393 21 393 24
394 2 396 5
397 9 397 38
400 19 400 22
401 2 403 5
404 9 404 38
407 2 409 5
410 6 410 11
411 9 411 11
413 28 413 53
414 6 414 62
415 13 415 49
416 23 416 25
417 20 420 7
422 12 422 14
423 7 423 14
424 5 424 13
426 5 426 13
429 6 429 11
430 11 430 12
431 6 431 16
433 14 433 21
434 8 434 20
435 6 435 15
436 8 436 37
437 4 437 12
438 9 438 10
440 2 440 22
441 26 441 43
442 2 444 5
445 9 445 46
447 2 447 22
448 25 448 41
449 2 451 5
452 9 455 3
453 3 453 30
454 3 454 34
457 19 457 24
458 2 470 5
472 11 472 48
473 9 473 18
474 10 474 13
476 23 476 28
477 2 489 5
491 11 491 52
492 9 492 18
493 10 493 13
496 9 496 69
499 2 501 5
502 22 502 79
503 3 503 31
506 2 509 5
511 9 511 16
512 9 512 11
513 11 513 48
514 28 514 42
515 7 515 17
516 12 516 39
518 10 518 11
523 2 526 5
527 11 527 36
528 11 528 25
529 9 529 21
531 70 531 85
532 2 534 5
536 5 536 25
537 13 537 35
539 13 539 36
541 7 541 55
543 13 543 35
544 9 544 57
547 1 549 4
552 47 552 89
553 2 555 5
556 27 556 48
557 2 557 18
558 11 558 47
559 9 559 35
563 2 565 5
566 6 566 13
567 13 567 27
568 3 568 17
569 9 569 10
572 26 572 28
573 24 573 26
575 38 575 45
576 2 581 5
582 8 582 26
583 5 583 32
584 10 584 34
586 7 586 21
587 2 587 11
589 2 589 34
590 29 590 31
591 9 591 11
593 30 593 37
594 2 600 5
601 9 601 45
603 27 603 51
604 2 608 5
609 17 609 44
610 6 610 26
611 4 611 12
614 2 617 5
618 12 618 43
619 29 619 48
620 10 620 25
621 12 621 42
622 31 622 61
625 2 627 5
630 12 630 77
631 3 631 34
634 2 636 5
637 14 637 46
638 6 638 25
639 11 639 12
642 2 649 5
651 12 651 33
652 11 652 26
653 6 653 24
654 4 654 9
658 11 658 16
659 8 659 35
660 7 660 27
662 9 662 21
665 16 665 30
666 9 666 58
668 61 668 73
669 2 674 5
675 19 675 61
676 9 676 47
678 3 678 26
679 1 679 11
680 1 680 27
681 1 681 27
682 8 682 14
683 1 683 16
684 10 684 53
685 9 685 28
686 17 686 41
687 15 687 73
688 8 688 34
689 3 689 22
