7 23 7 39
7 29 7 35
8 25 8 53
9 25 9 54
10 27 10 57
12 20 12 29
15 25 15 53
17 33 17 61
19 23 19 44
19 30 19 44
26 1 30 2
28 10 30 2
29 2 29 11
38 1 53 2
38 29 38 64
41 6 41 22
41 18 41 18
42 2 46 3
44 7 44 56
45 4 45 14
49 2 53 2
49 6 49 61
50 3 50 13
52 2 52 11
57 1 71 2
60 6 60 21
60 17 60 17
61 2 65 3
63 7 63 55
64 4 64 14
67 2 71 2
67 6 67 47
68 3 68 13
70 2 70 11
80 1 122 2
83 3 91 8
86 8 86 8
93 3 99 8
97 4 97 4
101 3 118 4
104 8 104 19
104 9 104 9
105 4 108 5
110 12 112 8
114 3 117 14
121 2 121 11
126 1 193 2
130 9 130 51
130 53 130 78
131 2 178 3
140 7 140 17
140 13 140 13
141 3 144 4
146 3 146 3
146 9 178 3
148 3 178 3
148 7 148 32
149 4 149 14
150 12 178 3
155 7 155 16
156 3 177 4
165 8 165 8
166 4 172 5
167 9 167 51
167 27 167 27
168 5 171 6
175 8 175 48
176 5 176 30
183 2 192 11
183 21 183 36
184 2 190 3
185 57 185 57
186 7 186 16
186 12 186 12
187 4 187 31
187 26 187 26
194 5 200 16
194 8 200 6
195 13 195 15
195 17 199 10
197 1 264 2
197 17 197 21
198 17 198 28
200 14 200 15
202 6 202 57
203 2 207 3
206 10 206 10
216 2 264 2
217 6 217 22
217 18 217 18
218 2 224 3
220 7 220 23
221 4 221 16
221 11 221 11
222 28 222 53
229 2 264 2
229 6 229 55
230 3 230 15
230 10 230 10
233 2 264 2
233 6 233 47
233 33 233 47
234 2 238 3
237 10 237 10
237 28 237 55
240 2 264 2
240 6 240 65
240 24 240 24
241 2 261 3
248 7 248 71
249 3 258 4
260 10 260 10
263 16 263 16
846 25 846 54
920 23 920 52
1106 19 1106 36
1118 26 1118 40
