1 0 3 3
4 0 4 38
7 1 9 4
11 5 11 78
12 1 12 20
14 7 14 31
15 9 15 18
16 10 16 38
17 1 17 60
18 1 18 64
21 1 23 4
26 11 26 24
27 3 27 27
29 5 29 31
30 6 30 17
31 9 31 14
32 1 32 60
34 6 34 23
35 1 35 66
38 1 40 4
42 5 42 19
43 1 43 27
44 1 44 27
47 1 49 4
51 5 51 25
52 1 52 47
53 1 53 49
56 1 56 51
59 5 59 33
60 1 60 51
61 1 61 55
62 1 62 55
65 1 67 4
69 5 69 19
70 1 70 51
71 1 71 57
74 1 74 45
77 1 79 4
81 5 81 25
82 1 82 55
83 1 83 61
84 1 84 69
87 1 87 47
90 1 92 4
94 11 94 31
96 12 96 19
97 6 97 29
98 2 98 27
100 11 100 20
101 3 101 67
104 1 106 4
108 11 108 31
110 12 110 19
111 6 111 29
112 2 112 27
114 11 114 20
115 3 115 66
118 1 120 4
122 5 122 19
125 1 125 33
126 1 126 35
127 1 127 39
130 1 130 50
131 1 131 52
132 1 132 54
133 1 133 54
134 1 134 54
135 1 135 62
136 1 136 62
138 10 138 44
139 1 144 2
147 7 147 21
148 7 148 21
150 10 150 45
151 10 151 65
152 1 153 48
155 11 155 22
156 14 156 65
157 2 157 46
160 1 162 4
164 10 164 21
165 6 165 31
166 2 166 26
169 1 171 4
173 1 173 44
174 1 174 38
177 1 179 4
181 9 181 23
182 1 182 64
185 1 187 4
189 14 189 42
190 16 190 45
191 9 191 47
193 5 193 24
194 5 194 20
195 1 195 26
197 1 197 59
198 1 198 59
199 1 199 70
200 1 200 69
203 1 205 4
207 6 207 62
208 1 208 63
210 15 215 1
218 1 221 4
223 6 223 62
224 15 224 27
225 11 225 52
226 10 226 53
227 2 227 59
