1 0 1 16
2 0 2 29
6 1 6 42
7 1 7 43
8 1 8 43
9 1 9 43
10 1 10 42
11 1 11 42
12 1 12 42
13 1 13 42
14 1 14 43
15 1 15 43
16 1 16 43
17 1 17 42
18 13 18 81
19 2 19 37
21 17 39 1
42 10 42 24
43 13 43 14
44 2 44 44
47 10 47 24
48 13 48 14
51 6 51 37
52 6 52 35
53 2 53 16
54 12 54 40
55 2 55 19
58 1 60 4
61 9 61 23
62 7 62 17
63 9 63 41
64 9 64 44
65 2 65 24
66 10 66 14
70 17 74 1
77 10 77 24
78 16 78 17
79 2 79 47
81 18 94 1
97 10 97 25
98 15 98 16
99 2 99 45
102 10 102 25
103 15 103 16
104 2 104 45
