1 0 4 3
5 0 5 18
6 0 6 16
7 0 7 16
8 0 8 15
9 0 9 15
11 0 11 33
12 0 12 22
17 8 21 1
24 20 24 73
26 16 26 34
27 1 29 4
32 1 34 4
40 38 40 42
41 17 41 24
42 17 42 24
45 1 51 4
54 1 54 5
57 1 59 4
61 16 61 22
62 16 62 22
65 9 65 53
68 1 71 4
73 16 73 22
74 16 74 22
75 16 75 22
78 9 79 29
82 1 87 4
89 16 89 22
90 15 90 20
91 16 91 22
92 16 92 22
95 9 97 54
100 1 103 4
104 13 106 13
112 6 112 13
113 12 113 21
114 11 114 19
115 12 115 24
117 10 117 12
119 2 119 23
121 12 121 25
122 15 122 33
123 12 123 27
124 12 124 29
125 10 125 23
127 16 127 26
128 16 128 36
129 10 129 15
133 8 133 9
134 11 134 20
135 22 135 27
139 11 139 24
141 7 141 20
143 5 143 47
144 9 144 29
146 13 146 57
149 19 149 66
153 11 153 16
154 10 154 25
155 6 155 26
156 12 156 71
158 18 158 68
163 21 163 34
164 6 164 34
166 12 166 56
167 4 167 12
171 9 171 42
174 9 174 48
177 11 177 25
181 11 181 50
182 9 182 40
186 9 186 38
190 9 192 4
195 9 195 33
196 5 196 27
198 7 198 50
199 10 199 93
201 7 201 63
203 9 203 65
206 5 206 37
208 10 208 52
209 7 209 18
211 7 211 63
212 8 212 14
213 10 213 12
213 10 213 57
213 16 213 28
213 29 213 57
215 12 215 32
217 14 217 23
219 14 219 38
220 12 220 34
222 5 222 30
225 14 225 39
226 15 226 30
229 11 229 28
230 22 230 51
232 6 232 27
235 15 235 35
236 16 236 62
237 16 237 20
239 15 239 55
240 16 240 32
242 5 242 10
244 12 244 47
245 15 245 46
247 9 247 63
250 13 252 10
254 9 254 26
258 9 258 13
261 9 261 42
264 9 264 42
267 9 267 36
271 5 271 14
272 10 272 13
273 9 273 14
275 10 275 12
276 9 276 13
277 8 277 48
279 11 279 13
280 11 280 14
281 7 281 26
282 10 282 11
283 6 283 7
284 10 284 31
285 4 285 42
286 9 290 3
293 9 293 22
296 9 296 38
297 10 297 16
300 9 300 51
303 9 303 70
306 13 308 10
310 9 310 13
314 9 314 46
317 6 317 48
318 9 318 79
323 9 323 31
326 9 326 56
329 9 329 83
332 9 332 64
335 9 335 33
338 5 338 27
339 10 339 13
342 11 342 37
343 10 343 23
344 7 344 18
345 9 345 56
346 13 346 29
347 12 347 31
347 12 347 47
347 35 347 47
348 4 348 9
349 9 349 20
350 12 350 17
353 5 353 27
354 10 354 13
357 11 357 37
358 10 358 23
359 7 359 18
360 9 360 56
361 13 361 29
362 12 362 31
362 12 362 47
362 35 362 47
363 4 363 9
364 9 364 20
365 12 365 19
368 1 370 4
373 14 373 18
374 17 374 24
375 15 375 20
376 16 376 18
377 15 377 17
378 17 378 19
379 16 379 18
380 20 380 22
381 18 381 20
382 22 382 24
383 16 383 18
384 15 384 17
385 19 385 21
386 15 386 17
389 2 393 5
394 5 394 27
395 3 395 59
397 20 397 50
398 19 398 21
399 22 399 24
400 20 400 22
401 20 401 25
402 19 402 23
405 2 407 5
408 5 408 27
409 3 409 59
411 10 411 26
412 19 412 24
413 27 413 72
416 2 421 5
422 38 422 49
425 5 425 27
426 3 426 64
427 24 427 38
430 23 430 28
432 2 432 23
434 2 439 5
440 11 440 45
441 6 441 41
444 7 444 13
445 5 445 13
446 10 446 12
448 10 448 11
451 2 453 5
454 5 454 34
457 9 457 45
458 10 461 5
464 15 464 36
465 13 465 32
467 6 467 27
469 11 469 51
473 9 473 47
474 7 474 18
475 5 475 82
477 9 477 51
478 11 478 50
482 44 482 49
483 5 483 12
484 39 484 44
488 50 488 57
489 5 489 12
490 43 490 50
493 12 493 56
494 2 494 57
495 9 495 16
498 10 498 57
499 2 499 55
500 9 500 14
503 6 506 3
507 7 507 35
508 5 508 13
509 10 509 12
510 9 510 10
513 6 513 35
514 5 514 15
515 10 515 17
516 9 516 16
519 6 519 37
520 5 520 15
521 10 521 17
522 9 522 16
525 28 525 35
528 10 528 20
528 30 528 35
529 7 529 27
530 2 532 5
533 14 533 18
535 9 535 29
536 6 549 3
551 10 551 36
552 18 552 36
554 2 554 32
555 9 555 14
558 10 558 20
558 30 558 37
559 7 559 29
560 2 562 5
563 16 563 20
563 16 563 26
563 24 563 26
564 14 564 18
566 9 566 29
568 6 578 3
580 12 580 38
581 20 581 40
583 2 583 36
584 9 584 16
586 31 586 99
587 1 591 4
592 1 592 20
593 1 593 21
594 1 594 19
595 1 595 22
596 1 596 24
597 1 597 21
599 11 599 20
603 1 603 79
606 1 606 55
611 1 611 32
612 1 612 23
613 1 613 22
614 1 614 24
615 1 615 27
617 1 617 24
618 1 618 57
620 1 631 3
633 1 639 3
641 12 652 2
654 10 659 2
662 2 665 1
669 9 669 53
672 9 672 49
674 1 674 50
675 1 675 37
679 2 679 12
680 16 686 3
687 11 687 22
688 3 688 30
689 8 689 17
691 2 691 6
693 8 693 35
