1 0 3 3
4 0 4 35
7 8 7 44
8 1 8 35
10 5 10 19
11 1 11 39
13 6 13 14
14 1 14 49
18 5 18 46
19 1 19 58
22 8 22 44
23 1 23 36
25 5 25 19
26 1 26 40
28 6 28 14
29 1 29 66
33 5 33 46
34 1 34 75
37 8 37 53
38 7 38 50
39 10 39 54
40 7 45 2
46 1 46 30
48 1 48 11
49 1 49 30
50 1 50 30
51 1 51 30
52 1 52 30
54 10 54 13
55 2 55 48
58 8 58 34
59 10 59 43
60 1 60 42
62 5 62 20
63 1 63 29
64 5 64 16
65 1 65 20
66 1 66 37
69 8 69 34
71 10 71 33
72 1 72 52
74 10 74 26
75 1 75 56
78 8 78 34
80 6 83 3
84 1 84 28
85 1 85 29
87 6 90 3
91 1 91 28
92 1 92 29
94 1 94 14
97 1 99 4
100 8 100 34
102 6 106 3
107 1 107 38
109 6 109 18
110 1 110 44
113 6 113 18
114 1 114 29
117 6 117 18
118 1 118 29
121 1 123 4
124 1 124 14
125 8 125 34
127 11 131 2
133 9 133 11
134 10 134 17
135 2 135 17
136 7 136 34
137 7 137 37
138 2 138 15
139 2 139 41
142 1 144 4
145 8 145 34
146 8 146 22
148 1 148 34
150 8 150 26
151 1 151 34
153 8 153 22
154 1 154 34
