1 0 1 10
2 0 2 36
4 0 4 18
7 1 10 4
11 1 11 14
12 1 12 63
15 10 15 28
16 1 16 33
19 1 22 4
23 9 23 21
26 1 26 20
27 1 27 36
31 1 34 4
35 9 35 21
36 1 36 34
37 1 37 39
38 1 38 44
39 1 39 45
40 1 40 64
43 1 43 32
45 1 45 30
46 1 46 30
49 1 52 4
53 9 53 21
55 1 55 28
56 1 56 31
57 1 57 31
58 1 58 35
59 1 59 39
62 1 65 4
66 9 66 21
68 1 68 26
69 1 69 32
71 1 71 42
72 1 72 35
75 1 80 4
81 9 81 21
83 1 83 26
84 1 84 27
85 1 85 28
88 1 88 26
90 1 90 29
93 1 98 4
99 9 99 21
101 1 101 28
102 1 102 29
103 1 103 30
106 1 106 35
107 1 107 35
110 1 115 4
116 9 116 21
118 9 122 2
123 10 123 15
124 2 124 20
125 2 125 28
126 2 126 24
127 2 127 24
