1 0 3 3
4 0 4 28
6 23 10 2
11 1 14 4
15 17 15 43
16 13 16 31
17 4 17 31
18 2 18 13
20 14 20 16
22 10 22 14
23 5 23 18
25 3 25 54
26 7 26 20
27 3 27 27
28 7 28 20
29 3 29 25
30 7 30 21
32 21 32 36
33 13 33 30
34 10 34 20
35 13 35 29
36 13 36 15
37 22 37 35
38 21 38 27
40 3 40 55
42 8 42 75
44 34 44 37
45 1 47 4
49 18 49 24
51 7 51 9
52 17 52 20
53 5 53 17
54 3 54 12
56 10 56 25
57 3 57 24
59 2 59 12
61 1 61 10
62 1 62 11
64 10 64 14
65 5 65 15
66 8 66 38
67 3 67 14
68 3 68 14
69 3 69 13
71 24 71 47
72 4 72 32
73 7 73 13
74 5 74 23
75 4 75 14
77 3 77 14
78 3 78 10
79 3 79 13
