1 0 10 3
11 0 11 13
12 0 12 35
15 1 24 4
25 13 25 15
27 23 27 26
28 10 28 67
31 23 31 26
32 2 44 5
45 9 45 16
48 25 48 28
49 2 63 5
64 9 64 16
67 19 67 22
68 2 83 5
84 9 84 16
87 21 87 24
88 2 99 5
100 9 100 16
103 23 103 26
104 2 118 5
119 9 119 17
129 10 129 63
133 2 141 5
142 9 142 26
146 2 149 5
150 9 150 62
154 2 159 5
160 9 160 31
161 13 161 28
162 12 162 29
164 5 164 22
165 18 165 25
166 11 166 32
168 12 168 19
169 11 169 27
172 12 172 22
174 12 174 14
176 9 176 56
179 1 181 4
182 13 184 10
185 25 185 28
186 2 188 5
189 9 189 30
192 24 192 27
193 2 195 5
196 9 196 16
199 22 199 29
200 2 202 5
203 9 203 16
206 26 206 43
207 2 209 5
210 9 210 16
213 22 213 25
214 2 216 5
217 9 217 30
224 2 226 5
227 9 227 72
231 2 233 5
234 9 234 43
