7 23 7 39
7 29 7 35
8 25 8 53
18 2 22 3
19 30 19 44
19 33 19 42
21 18 21 18
25 20 25 52
26 19 26 50
28 20 28 24
44 26 44 40
45 27 45 42
90 1 94 2
91 2 91 2
92 2 92 2
93 2 93 2
98 1 105 2
102 10 105 2
103 10 105 2
104 2 104 11
109 1 119 2
110 55 110 55
111 13 111 13
112 15 112 15
113 14 113 14
115 6 115 92
116 3 116 15
116 10 116 10
118 2 118 41
123 1 127 2
159 1 176 2
163 6 163 16
163 12 163 12
164 3 164 15
164 10 164 10
166 2 175 12
194 5 200 16
194 8 200 6
195 13 195 15
195 17 199 10
195 37 195 38
197 17 197 21
198 17 198 28
200 14 200 15
222 28 222 53
339 23 339 50
558 28 558 44
795 1 844 2
812 9 812 23
812 25 815 6
816 5 844 2
816 9 816 39
816 41 818 6
819 10 821 6
846 25 846 54
920 23 920 52
1006 5 1013 16
1006 8 1013 6
1009 13 1009 32
1009 34 1012 10
1013 14 1013 15
1036 26 1036 56
