1 0 3 3
4 0 4 16
5 0 5 13
7 0 7 28
8 0 8 26
9 0 9 31
13 4 13 23
14 11 14 23
15 10 15 36
17 11 17 22
18 10 18 14
20 8 20 23
23 1 25 4
26 12 26 27
28 10 28 12
29 6 29 55
31 8 31 21
32 8 32 18
33 9 33 26
34 3 34 11
36 2 42 3
39 15 39 31
39 35 39 54
44 10 44 12
46 8 46 21
47 8 47 18
48 9 48 26
49 3 49 11
51 2 55 3
52 15 52 31
52 35 52 54
58 1 60 4
61 12 61 27
63 10 63 15
64 6 64 55
66 8 66 21
67 9 67 26
68 3 68 11
70 2 70 65
72 10 72 21
74 8 74 21
75 9 75 26
76 3 76 11
78 2 78 65
81 1 85 2
84 11 84 15
88 11 88 16
91 6 91 8
92 6 92 8
94 10 94 16
95 2 95 42
96 2 96 42
99 13 99 33
100 9 100 24
102 3 102 11
104 5 104 12
105 3 105 60
106 3 106 61
108 10 108 12
109 11 109 13
111 1 111 58
114 6 114 25
116 4 116 38
117 4 132 2
134 8 143 3
139 11 139 35
139 39 139 49
140 17 140 26
140 30 140 37
146 11 146 16
149 6 149 8
150 6 150 8
152 10 152 16
153 2 153 42
154 2 154 42
157 13 157 33
158 9 158 24
160 3 160 11
162 5 162 12
163 3 163 60
164 3 164 61
166 10 166 12
167 11 167 13
169 8 169 45
172 1 172 12
173 11 173 39
174 8 174 49
177 11 177 53
177 21 177 27
177 31 177 49
177 50 177 53
178 11 178 45
179 1 179 19
181 8 184 19
186 28 190 1
192 28 196 1
199 1 201 4
202 7 202 18
204 10 204 20
205 4 205 45
206 2 206 54
207 2 207 23
211 9 211 41
212 11 212 21
213 10 213 25
218 5 218 12
219 16 219 22
220 7 220 44
222 18 222 31
223 14 223 21
225 24 225 45
226 5 226 10
232 15 232 24
233 22 233 43
234 8 234 23
235 2 235 23
237 8 237 25
238 2 238 23
241 4 241 24
242 2 242 44
243 2 243 52
244 2 244 19
247 4 247 47
248 5 248 32
249 3 249 63
251 7 251 48
253 16 253 42
254 22 254 43
256 26 256 66
258 6 258 35
259 4 259 25
261 20 261 43
262 18 262 58
264 11 264 57
265 7 265 23
266 5 266 52
268 14 268 48
269 5 269 60
270 5 270 22
274 11 274 32
275 11 275 75
277 15 277 71
278 5 278 20
279 3 279 24
282 5 282 22
283 16 283 53
284 9 284 15
285 11 285 29
286 8 286 71
287 3 287 44
290 9 290 15
291 11 291 16
292 18 292 53
294 7 294 29
295 7 295 37
297 2 300 4
302 5 302 21
303 17 303 26
304 13 304 80
305 3 305 54
306 3 306 36
307 3 307 27
308 7 308 24
309 3 309 54
310 3 310 20
311 8 311 23
312 2 312 23
314 8 314 25
315 2 315 23
