1 0 10 3
11 0 11 15
12 0 12 16
13 0 13 13
14 0 14 18
15 0 15 22
16 0 16 15
19 1 29 4
30 5 30 18
31 4 31 10
34 1 34 9
37 10 37 11
38 5 38 15
39 15 39 16
40 7 40 18
42 7 42 8
45 3 45 27
46 15 46 16
51 1 54 4
55 7 55 9
56 7 56 19
57 4 57 12
59 9 59 12
61 7 61 17
62 7 62 10
63 11 63 26
64 7 64 13
65 6 65 25
67 10 67 21
68 4 68 14
69 4 69 9
75 4 75 20
76 2 76 17
79 1 79 11
80 8 80 11
83 1 85 4
86 13 86 15
88 1 90 10
92 2 94 5
95 9 97 10
95 14 95 37
95 38 97 10
99 2 101 5
102 9 102 16
106 2 108 5
109 9 109 16
113 2 116 5
118 9 118 40
122 2 124 5
126 9 126 30
130 5 130 19
131 10 131 55
133 10 133 35
136 2 138 5
140 5 140 34
141 10 141 25
141 10 141 45
141 30 141 45
143 10 143 33
146 5 146 24
147 10 147 22
149 10 149 24
152 2 159 5
161 5 161 17
162 10 162 12
163 5 163 17
169 2 171 5
173 7 173 15
174 9 174 24
174 9 174 43
174 28 174 43
177 2 179 5
181 12 181 38
182 9 182 24
185 2 187 5
189 12 189 38
190 9 190 26
193 2 195 5
197 9 197 60
200 2 214 5
216 11 216 17
217 6 217 22
219 7 219 20
220 8 220 21
222 6 222 14
226 6 226 45
228 8 228 21
230 6 230 45
233 9 233 43
235 7 235 46
236 7 236 46
238 4 238 11
240 58 240 83
241 2 253 5
255 11 255 17
256 10 256 36
257 6 257 19
258 8 258 32
259 4 259 12
260 4 260 32
263 2 265 5
267 9 267 29
270 2 272 5
274 5 274 24
275 10 275 41
277 10 277 42
279 1 279 29
281 1 289 4
290 1 290 37
291 13 293 13
295 2 295 16
296 8 296 75
297 2 297 12
298 12 298 24
299 9 299 66
303 6 303 41
304 9 304 38
308 2 311 5
312 9 312 64
315 11 315 15
316 16 316 24
317 15 317 23
320 9 320 84
323 9 323 51
326 9 326 50
329 9 329 33
332 9 332 33
332 9 332 60
332 38 332 60
335 2 340 5
342 9 342 81
345 2 347 5
348 18 348 23
349 10 349 21
350 10 350 43
351 25 351 56
353 9 353 40
354 24 354 53
356 14 359 3
361 11 361 73
363 11 363 17
364 6 364 32
365 4 365 11
366 8 366 19
367 4 367 11
376 7 376 25
377 11 377 32
378 10 378 11
379 9 379 16
382 7 382 25
383 11 383 32
384 10 384 11
385 2 385 22
388 7 388 25
389 11 389 32
395 2 397 5
399 10 399 45
400 25 400 56
402 9 402 43
403 24 403 53
405 16 408 3
410 9 410 94
411 8 411 91
412 15 412 54
415 29 415 67
416 28 416 66
419 2 421 5
422 10 422 45
423 25 423 56
425 9 425 43
426 24 426 53
428 16 431 3
433 7 433 74
434 6 434 28
435 5 435 6
436 16 436 32
438 16 438 17
440 39 440 77
441 37 441 75
443 9 443 29
446 2 449 5
452 6 452 16
453 6 453 13
454 2 454 19
456 11 456 20
457 9 457 10
458 8 458 19
460 7 460 19
462 5 462 9
463 9 463 21
465 5 465 20
466 5 466 10
474 10 474 34
475 5 475 18
477 11 477 14
478 15 478 17
479 12 479 32
485 5 485 22
487 7 487 13
488 14 488 15
489 6 489 17
490 6 490 11
494 4 494 9
497 2 500 5
503 6 503 16
504 6 504 13
506 3 506 20
507 9 507 22
511 11 511 20
512 9 512 10
513 8 513 19
515 7 515 19
517 5 517 12
518 9 518 21
520 5 520 20
521 5 521 10
525 5 525 29
527 7 527 13
528 14 528 15
529 6 529 17
530 6 530 11
533 4 533 9
540 2 542 5
543 8 543 23
544 2 544 18
546 9 546 58
547 11 547 16
550 9 550 78
553 9 553 73
556 1 559 4
561 13 561 15
562 1 564 10
566 2 568 5
569 9 571 10
569 14 569 37
569 38 571 10
573 2 575 5
576 9 576 16
580 2 582 5
583 9 583 16
587 2 590 5
592 9 592 40
596 2 598 5
600 9 600 32
603 2 605 5
607 9 607 31
610 2 617 5
619 5 619 17
620 10 620 12
621 5 621 18
627 2 629 5
631 9 631 25
631 9 631 47
631 29 631 47
634 2 636 5
638 9 638 60
641 2 643 5
645 9 645 13
648 2 650 5
652 5 652 24
653 10 653 39
655 10 655 40
657 1 657 33
659 1 671 4
674 17 674 24
675 17 675 29
676 17 676 19
679 2 679 25
680 11 680 32
681 3 681 22
684 11 684 32
685 3 685 18
687 11 687 32
688 3 688 24
691 9 691 40
694 23 694 37
695 5 695 17
696 10 696 17
698 9 698 19
701 19 701 33
702 5 702 13
703 3 703 22
705 9 705 19
708 23 708 37
709 2 709 21
710 20 710 49
711 9 711 14
714 5 714 28
715 7 715 17
717 7 717 15
719 14 719 15
720 13 720 14
724 9 724 13
725 19 725 41
726 7 726 30
727 9 727 34
728 22 728 23
729 10 729 12
733 2 736 5
737 19 737 35
738 3 738 26
741 8 741 12
742 8 742 24
743 16 743 45
744 7 744 28
745 11 745 29
746 5 746 21
747 5 747 10
752 6 752 24
753 11 753 38
754 7 754 8
755 9 755 10
