35 2 102 3
45 7 45 7
46 3 54 4
55 1 67 2
56 7 56 7
57 3 61 4
58 22 58 42
58 22 58 43
58 38 58 39
59 27 59 27
60 4 60 4
61 3 62 24
63 3 63 8
63 7 63 7
64 3 71 4
66 2 66 37
73 7 73 7
74 3 77 4
80 3 80 3
82 1 99 2
83 3 83 3
85 3 86 14
87 3 87 3
87 3 88 14
89 3 90 14
91 3 91 3
91 3 92 14
93 3 94 14
95 3 96 14
97 33 97 33
97 41 97 41
97 49 97 49
98 2 98 12
98 32 98 32
98 40 98 40
98 48 98 48
103 1 120 2
106 3 107 17
107 2 110 3
108 3 109 19
109 18 109 18
109 24 109 24
110 3 111 19
112 3 113 22
114 2 166 3
114 3 115 20
116 3 117 18
119 2 119 18
122 21 122 21
124 1 146 2
127 3 128 17
128 21 128 21
129 3 130 18
131 3 132 18
132 7 132 37
132 27 132 27
133 3 134 20
133 4 133 10
135 3 136 17
136 3 166 3
136 7 136 37
136 27 136 27
137 3 138 20
137 4 137 10
139 3 140 18
140 3 166 3
140 7 140 41
140 31 140 31
141 3 142 20
141 4 141 31
143 3 144 21
143 7 143 41
143 31 143 31
144 3 147 4
150 3 166 3
151 41 151 41
151 56 151 56
152 39 152 39
152 55 152 55
155 1 165 2
157 31 157 31
157 40 157 40
157 48 157 48
157 58 157 58
157 66 157 66
161 16 161 63
161 20 161 40
161 27 161 28
161 42 161 57
161 50 161 55
162 9 163 21
162 45 162 45
163 3 163 21
163 39 163 39
163 55 163 55
169 1 178 2
172 17 172 40
172 17 172 41
172 22 172 27
172 37 172 38
173 9 173 9
177 2 177 19
181 2 181 66
183 2 183 72
192 2 195 3
231 1 244 2
234 6 234 19
235 2 237 3
239 2 239 2
239 7 243 14
241 2 241 2
243 9 243 9
251 1 269 2
255 6 255 19
256 2 258 3
260 2 260 2
260 7 268 13
262 2 262 2
288 1 299 2
292 8 292 18
326 1 329 2
333 1 340 2
336 6 336 15
339 2 339 58
344 1 347 2
351 1 366 2
355 6 355 23
356 3 356 52
358 2 366 2
360 6 360 20
360 16 360 16
361 2 363 3
365 2 365 38
370 1 386 2
374 26 374 53
374 26 374 54
377 27 377 27
379 4 381 9
385 2 385 35
402 1 428 2
407 6 407 14
408 2 418 3
416 4 416 10
416 13 416 19
416 22 416 24
420 2 425 3
448 1 474 2
449 66 449 66
457 6 458 32
459 3 459 15
459 10 459 10
461 2 474 2
462 6 462 17
462 13 462 13
463 3 463 15
463 10 463 10
465 2 473 13
525 28 534 11
525 31 534 2
534 9 534 10
536 34 539 11
536 37 539 2
539 9 539 10
541 35 544 11
541 38 544 2
544 9 544 10
546 40 546 63
547 40 547 56
548 40 548 60
549 40 549 69
550 40 550 69
555 33 563 11
555 36 563 2
558 22 558 30
558 22 558 51
558 34 558 51
558 53 561 3
563 9 563 10
571 42 571 59
573 42 573 77
576 2 581 12
576 5 581 3
577 30 577 41
577 43 580 4
581 10 581 11
596 60 602 12
596 63 602 2
602 10 602 11
619 45 623 11
619 48 623 2
623 9 623 10
625 62 628 12
625 65 628 2
628 10 628 11
630 33 633 11
630 36 633 2
633 9 633 10
636 2 636 57
640 2 640 59
650 1 661 2
654 6 654 6
655 2 660 3
668 1 677 2
673 2 676 3
808 1 817 2
809 26 809 26
809 39 809 39
813 15 813 15
813 26 813 26
813 38 813 38
821 1 830 2
822 26 822 26
822 39 822 39
826 15 826 15
826 26 826 26
826 35 826 35
867 1 899 2
871 6 871 18
871 14 871 14
872 3 872 15
872 10 872 10
874 2 899 2
874 6 874 22
874 7 874 7
875 2 879 3
878 10 878 10
881 2 899 2
881 20 881 42
881 20 881 74
881 63 881 74
881 76 881 106
881 113 881 114
883 6 883 28
884 2 891 3
887 10 887 10
888 10 888 10
890 10 890 10
893 2 896 3
898 2 898 22
903 1 910 2
907 9 907 9
908 9 908 9
914 1 917 2
931 1 944 2
935 6 935 15
935 11 935 11
936 3 936 15
936 10 936 10
938 2 943 19
948 1 964 2
954 2 961 3
963 2 963 11
977 1 1041 2
981 2 991 3
996 2 1041 2
996 6 996 29
997 2 1003 3
1002 10 1002 10
1005 27 1041 2
1011 7 1011 105
1011 103 1011 104
1012 3 1017 4
1015 11 1015 11
1018 12 1041 2
1022 23 1022 34
1022 30 1022 30
1023 3 1026 4
1028 3 1035 4
1036 3 1040 14
1045 1 1058 2
1050 6 1050 6
1050 22 1050 47
1051 2 1055 3
1063 1 1070 2
1066 6 1066 26
1066 7 1066 7
1069 2 1069 83
1074 1 1093 2
1080 6 1080 26
1080 6 1081 23
1080 7 1080 7
1081 6 1081 23
1082 2 1084 3
1086 2 1093 2
1087 6 1087 15
1087 11 1087 11
1087 17 1087 29
1087 24 1087 24
1089 2 1092 13
1097 1 1107 2
1101 6 1101 26
1101 6 1101 50
1101 7 1101 7
1101 33 1101 50
1102 3 1102 29
1104 2 1106 39
1111 1 1138 2
1114 6 1114 23
1114 7 1114 7
1115 2 1124 3
1117 7 1117 26
1118 3 1123 4
1125 7 1135 3
1125 11 1125 31
1126 2 1135 3
1142 1 1144 2
1148 1 1242 2
1156 6 1156 26
1159 2 1159 2
1159 7 1242 2
1160 19 1160 19
1162 22 1162 37
1163 2 1173 3
1168 7 1168 8
1169 3 1172 4
1170 4 1170 4
1175 2 1185 3
1180 7 1180 8
1181 3 1184 4
1182 4 1182 4
1187 2 1242 2
1187 6 1187 33
1187 24 1187 24
1188 3 1188 12
1190 2 1242 2
1190 6 1190 32
1190 24 1190 24
1191 2 1234 3
1200 23 1200 42
1201 3 1233 4
1206 8 1206 34
1207 4 1210 5
1208 5 1208 5
1212 21 1233 4
1213 8 1213 19
1213 15 1213 15
1214 5 1214 17
1214 12 1214 12
1216 21 1233 4
1217 8 1217 18
1217 14 1217 14
1218 4 1221 5
1220 12 1220 12
1222 20 1233 4
1225 8 1225 18
1225 14 1225 14
1226 4 1229 5
1228 12 1228 12
1230 20 1232 15
1236 2 1236 66
1238 2 1240 17
1277 1 1299 2
1303 1 1312 2
1306 6 1306 25
1307 3 1307 30
1309 3 1309 29
1311 16 1311 16
1316 1 1327 2
1321 3 1321 16
1323 3 1323 17
1331 1 1359 2
1335 2 1341 3
1347 2 1359 2
1347 24 1347 63
1348 2 1355 3
1357 11 1358 17
1363 1 1373 2
1368 6 1368 15
1368 11 1368 11
1369 3 1369 14
1468 1 1491 2
1472 6 1472 41
1473 3 1473 15
1473 10 1473 10
1475 2 1491 2
1477 3 1484 8
1478 8 1478 96
1478 68 1478 68
1478 80 1478 80
1479 4 1483 5
1486 3 1487 8
1490 16 1490 16
1494 22 1494 36
1498 1 1512 2
1503 6 1503 7
1504 2 1510 3
1516 1 1550 2
1522 6 1522 15
1522 11 1522 11
1523 3 1523 15
1523 10 1523 10
1525 19 1550 2
1527 6 1527 17
1527 13 1527 13
1528 2 1531 3
1530 10 1530 10
1533 2 1549 13
1554 1 1579 2
1560 6 1560 15
1560 11 1560 11
1561 3 1561 15
1561 10 1561 10
1563 19 1579 2
1565 6 1565 17
1565 13 1565 13
1566 2 1569 3
1568 10 1568 10
1570 2 1578 13
1583 1 1608 2
1589 6 1589 15
1589 11 1589 11
1590 3 1590 15
1590 10 1590 10
1592 19 1608 2
1594 6 1594 17
1594 13 1594 13
1595 2 1598 3
1597 10 1597 10
1600 2 1607 13
1615 1 1658 2
1621 6 1621 17
1621 13 1621 13
1622 3 1622 15
1622 10 1622 10
1626 2 1658 2
1627 6 1627 18
1627 14 1627 14
1628 3 1628 13
1630 19 1658 2
1631 6 1631 15
1631 11 1631 11
1632 3 1632 13
1634 11 1658 2
1639 6 1639 15
1639 11 1639 11
1640 3 1640 13
1642 17 1651 13
1653 2 1657 14
1657 9 1657 9
1762 1 1806 2
1768 6 1768 27
1769 2 1772 3
1771 10 1771 10
1774 2 1806 2
1779 6 1779 61
1780 3 1780 15
1780 10 1780 10
1782 2 1806 2
1786 6 1786 19
1786 15 1786 15
1787 2 1790 3
1789 10 1789 10
1792 2 1806 2
1793 6 1793 16
1793 12 1793 12
1794 2 1798 3
1797 10 1797 10
1800 2 1805 13
1810 1 1822 2
1813 6 1813 27
1814 2 1817 3
1816 10 1816 10
1819 2 1821 88
1826 1 1834 2
1830 6 1830 43
1831 3 1831 15
1831 10 1831 10
1833 2 1833 47
1838 1 1846 2
1842 6 1842 43
1843 3 1843 15
1843 10 1843 10
1845 2 1845 49
1850 1 1886 2
1856 6 1856 55
1857 3 1857 15
1857 10 1857 10
1859 2 1886 2
1859 6 1859 27
1860 2 1863 3
1862 10 1862 10
1865 2 1886 2
1869 3 1882 8
1869 8 1869 8
1870 8 1870 46
1871 5 1871 17
1871 12 1871 12
1872 3 1872 8
1874 3 1882 8
1874 8 1874 8
1875 8 1875 46
1876 5 1876 17
1876 12 1876 12
1877 3 1877 8
1879 3 1881 16
1881 11 1881 11
1882 3 1882 8
1885 16 1885 16
1898 1 1982 2
1901 13 1901 13
1907 6 1907 17
1907 13 1907 13
1908 3 1908 15
1908 10 1908 10
1910 19 1982 2
1911 6 1911 16
1911 12 1911 12
1912 2 1915 3
1914 10 1914 10
1917 2 1982 2
1920 18 1920 18
1925 3 1927 8
1925 8 1925 8
1929 3 1931 8
1929 8 1929 8
1933 3 1935 14
1936 3 1936 8
1938 2 1982 2
1941 6 1941 7
1942 3 1942 13
1944 2 1982 2
1945 6 1945 7
1946 3 1946 13
1951 2 1951 2
1951 7 1977 13
1955 6 1955 16
1956 2 1971 3
1960 36 1960 46
1960 48 1960 64
1961 3 1965 4
1973 2 1975 3
1978 2 1981 15
1981 10 1981 10
1986 1 2047 2
1996 6 1996 25
1997 3 1997 29
1998 7 2001 15
1998 11 1998 29
1999 3 1999 21
2000 7 2001 15
2000 11 2000 23
2001 3 2001 15
2003 6 2003 22
2003 6 2003 61
2003 26 2003 61
2003 27 2003 37
2003 41 2003 60
2004 2 2010 3
2015 19 2047 2
2016 6 2016 17
2016 13 2016 13
2017 3 2017 15
2017 10 2017 10
2018 2 2047 2
2019 18 2019 18
2029 6 2029 69
2030 2 2033 3
2032 10 2032 10
2038 2 2046 13
2038 14 2038 27
2038 29 2038 41
2039 2 2041 3
2051 1 2074 2
2052 56 2052 56
2060 6 2060 86
2061 3 2061 15
2061 10 2061 10
2063 2 2074 2
2063 6 2063 34
2064 3 2064 14
2064 8 2064 8
2065 7 2071 3
2065 11 2065 39
2066 3 2066 14
2066 8 2066 8
2068 2 2071 3
2070 10 2070 10
2073 2 2073 45
2078 1 2081 2
2085 1 2112 2
2090 6 2090 16
2090 12 2090 12
2091 3 2091 15
2091 10 2091 10
2093 19 2112 2
2094 6 2094 16
2094 12 2094 12
2095 2 2098 3
2097 10 2097 10
2100 19 2112 2
2101 6 2101 17
2101 13 2101 13
2102 2 2106 3
2105 10 2105 10
2108 18 2111 13
2116 1 2158 2
2120 6 2120 54
2121 2 2134 3
2125 4 2125 16
2125 11 2125 11
2127 3 2134 3
2127 7 2127 16
2128 3 2131 4
2130 11 2130 11
2133 3 2134 3
2136 2 2155 3
2140 7 2140 17
2140 13 2140 13
2140 19 2140 31
2140 26 2140 26
2142 3 2155 3
2145 7 2145 12
2146 4 2146 23
2148 7 2148 22
2148 7 2148 31
2148 26 2148 31
2149 3 2152 4
2151 10 2151 10
2154 4 2154 40
2157 2 2157 13
2177 1 2191 2
2182 6 2182 7
2182 9 2182 18
2187 2 2190 11
2201 1 2203 2
2207 1 2213 2
2209 6 2209 27
2209 23 2209 23
2210 3 2210 33
2232 1 2255 2
2239 6 2239 26
2239 6 2240 23
2239 7 2239 7
2240 6 2240 23
2241 2 2243 3
2245 2 2255 2
2249 6 2249 15
2249 11 2249 11
2249 17 2249 29
2249 24 2249 24
2251 2 2254 13
2287 1 2319 2
2302 6 2302 45
2303 3 2303 15
2303 10 2303 10
2305 2 2319 2
2305 6 2305 6
2306 2 2309 3
2308 10 2308 10
2311 2 2318 59
2312 6 2312 22
2312 18 2312 18
2313 2 2316 3
2323 1 2385 2
2327 6 2327 52
2328 2 2331 3
2330 10 2330 10
2333 2 2385 2
2334 2 2338 3
2337 10 2337 10
2340 2 2385 2
2340 6 2340 23
2340 7 2340 7
2341 2 2370 3
2343 3 2355 4
2354 11 2354 11
2358 28 2370 3
2372 2 2381 3
2373 23 2373 31
2374 3 2378 4
2377 11 2377 11
2383 11 2384 12
2389 1 2430 2
2418 7 2418 21
2419 4 2419 10
2421 3 2430 2
2423 15 2423 15
2423 22 2423 22
2423 33 2423 33
2424 16 2424 16
2434 1 2436 2
2440 1 2445 2
2452 1 2473 2
2471 6 2471 14
2472 3 2472 69
2478 1 2530 2
2515 48 2515 55
2515 82 2515 89
2517 35 2517 35
2540 1 2550 2
2545 9 2545 25
2546 2 2549 3
2557 1 2583 2
2567 37 2567 45
2567 47 2567 58
2568 3 2580 4
2579 4 2579 4
2587 1 2596 2
2590 2 2593 3
2603 1 2696 2
2621 39 2621 55
2621 57 2621 84
2622 2 2690 3
2624 3 2647 4
2629 25 2629 52
2629 32 2629 52
2630 4 2635 5
2636 9 2644 5
2636 13 2636 32
2637 4 2644 5
2650 3 2661 4
2668 3 2675 4
2677 3 2689 4
2766 1 2820 2
2776 14 2776 26
2776 28 2776 31
2777 2 2819 3
2781 7 2781 23
2782 3 2785 4
2787 3 2819 3
2789 7 2789 34
2789 7 2789 57
2789 22 2789 22
2789 38 2789 57
2789 51 2789 51
2790 3 2802 4
2796 4 2796 4
2801 4 2801 4
2804 3 2818 4
2817 5 2817 5
2825 1 2855 2
2830 6 2830 12
2830 6 2830 33
2830 16 2830 33
2831 3 2831 12
2839 2 2855 2
2842 16 2842 16
2843 16 2843 16
2845 15 2845 15
2847 7 2847 70
2847 57 2847 57
2848 3 2850 4
2854 2 2854 11
2859 1 2869 2
2866 2 2868 13
2866 8 2866 29
2873 1 2884 2
2877 6 2877 45
2878 3 2878 15
2878 10 2878 10
2880 20 2883 14
2888 1 2924 2
2898 21 2898 27
2898 29 2898 40
2899 3 2910 4
2931 1 3174 2
2941 2 2946 3
2947 7 2955 3
2947 11 2947 31
2948 2 2955 3
2965 2 2973 3
2990 6 2990 26
2991 2 3022 3
3015 29 3015 45
3015 36 3015 45
3016 4 3020 5
3033 39 3033 55
3033 57 3033 84
3034 2 3165 3
3044 3 3063 4
3048 8 3048 27
3049 4 3052 5
3064 8 3164 4
3065 3 3155 4
3106 29 3106 40
3107 5 3107 57
3107 13 3107 13
3115 5 3122 10
3124 5 3130 10
3132 5 3146 10
3140 10 3140 29
3141 6 3144 7
3157 3 3164 4
3170 2 3174 2
3170 6 3170 26
3171 3 3171 25
3187 1 3197 2
3191 6 3191 22
3191 7 3191 7
3192 3 3192 23
3194 3 3194 22
3201 1 3208 2
3204 6 3204 22
3204 7 3204 7
3205 3 3205 29
3207 2 3207 60
3212 1 3296 2
3218 10 3218 26
3219 3 3291 4
3234 4 3257 5
3247 6 3247 6
3259 4 3283 5
3266 22 3266 41
3267 10 3267 29
3269 10 3269 19
3270 6 3280 7
3303 1 3343 2
3309 7 3309 7
3310 4 3310 25
3312 21 3312 37
3312 39 3312 50
3313 3 3326 4
3322 20 3322 20
3323 14 3323 14
3327 13 3327 13
3347 1 3360 2
3352 6 3352 26
3353 2 3356 3
3367 1 3387 2
3370 25 3370 52
3370 32 3370 52
3371 2 3374 3
3373 10 3373 10
3376 2 3387 2
3376 6 3376 6
3377 2 3381 3
3380 10 3380 10
3383 2 3386 14
3394 1 3401 2
3397 6 3397 6
3398 3 3398 18
3425 1 3461 2
3436 7 3436 16
3436 12 3436 12
3437 4 3437 13
3439 3 3461 2
3439 10 3439 26
3439 10 3439 39
3439 30 3439 39
3440 3 3448 4
3450 10 3450 19
3451 3 3455 4
3456 3 3460 11
3470 1 3474 2
3478 1 3511 2
3479 27 3479 27
3483 6 3483 56
3484 3 3484 15
3484 10 3484 10
3486 2 3511 2
3487 6 3487 15
3487 11 3487 11
3488 3 3488 15
3488 10 3488 10
3489 2 3510 19
3531 1 3552 2
3533 11 3533 11
3534 14 3534 14
3538 6 3538 22
3539 3 3539 12
3541 2 3552 2
3542 6 3542 17
3542 13 3542 13
3543 3 3543 15
3543 10 3543 10
3545 2 3551 13
3548 6 3548 28
3549 3 3549 21
3556 1 3577 2
3558 11 3558 11
3559 14 3559 14
3563 6 3563 22
3564 3 3564 12
3566 2 3577 2
3567 6 3567 17
3567 13 3567 13
3568 3 3568 15
3568 10 3568 10
3570 2 3576 13
3573 6 3573 28
3574 3 3574 21
3581 1 3602 2
3583 11 3583 11
3584 14 3584 14
3588 6 3588 22
3589 3 3589 12
3591 2 3602 2
3592 6 3592 17
3592 13 3592 13
3593 3 3593 15
3593 10 3593 10
3595 2 3601 13
3598 6 3598 28
3599 3 3599 21
3606 1 3627 2
3608 11 3608 11
3609 14 3609 14
3613 6 3613 22
3614 3 3614 12
3616 2 3627 2
3617 6 3617 17
3617 13 3617 13
3618 3 3618 15
3618 10 3618 10
3620 2 3626 13
3623 6 3623 28
3624 3 3624 21
3649 1 3727 2
3653 6 3653 16
3653 12 3653 12
3654 2 3664 3
3657 7 3657 18
3657 14 3657 14
3658 4 3658 14
3660 3 3664 3
3662 7 3662 17
3662 13 3662 13
3663 4 3663 14
3666 2 3727 2
3666 6 3666 16
3666 12 3666 12
3667 2 3677 3
3670 7 3670 18
3670 14 3670 14
3671 4 3671 14
3673 3 3677 3
3675 7 3675 17
3675 13 3675 13
3676 4 3676 14
3690 2 3727 2
3690 6 3690 31
3691 3 3691 13
3697 3 3700 15
3697 7 3697 53
3697 40 3697 46
3698 4 3698 14
3699 3 3700 15
3699 7 3699 69
3699 34 3699 35
3699 52 3699 58
3700 4 3700 14
3701 16 3727 2
3702 11 3727 2
3708 2 3727 2
3709 93 3709 93
3709 99 3709 99
3710 7 3710 40
3710 36 3710 36
3711 4 3711 14
3713 3 3727 2
3713 7 3713 87
3714 3 3718 4
3716 32 3716 32
3721 2 3721 11
3723 2 3725 13
