1 0 1 36
4 1 6 4
7 6 7 12
8 8 11 2
9 3 9 8
9 3 9 19
9 13 9 19
9 23 9 25
13 22 337 1
339 22 362 1
364 23 376 1
378 20 391 1
393 17 397 1
399 15 406 1
408 19 413 1
415 15 421 1
423 19 427 1
429 15 434 1
436 15 443 1
445 17 451 1
453 19 458 1
461 1 461 68
462 1 462 68
463 10 463 24
464 11 464 27
465 12 465 32
466 13 466 25
467 14 467 30
468 16 468 32
469 19 469 35
470 17 470 35
471 18 471 38
472 14 483 11
484 13 484 23
485 11 485 27
486 10 486 17
489 10 489 29
490 24 490 25
492 15 492 33
493 16 493 34
495 15 495 33
496 20 496 43
498 21 498 45
499 21 499 45
501 2 501 28
502 2 502 31
503 2 503 32
504 2 504 25
505 2 505 32
506 2 506 26
509 10 509 29
510 7 510 29
511 8 511 30
512 2 512 15
515 11 515 31
516 11 516 19
517 7 517 15
518 8 518 29
519 8 519 38
520 3 520 15
523 10 523 27
524 6 524 26
525 7 525 26
526 2 526 14
529 10 529 22
530 7 530 26
531 6 531 27
532 2 532 13
535 10 535 19
536 6 536 10
536 16 536 20
537 5 537 12
538 3 538 41
541 1 543 4
544 1 544 16
545 10 545 32
546 8 546 15
547 9 547 17
548 11 548 15
549 6 549 50
550 11 550 91
552 1 552 48
555 1 560 4
562 6 562 47
563 1 563 44
565 6 565 39
566 1 566 36
568 6 568 34
569 1 569 34
571 6 571 34
572 1 572 34
574 6 574 43
575 1 575 47
577 6 577 44
578 1 578 45
580 6 580 47
581 1 581 48
583 6 583 52
584 1 584 50
586 6 586 60
587 1 587 58
589 6 589 55
590 1 590 56
