1 0 3 3
4 0 4 16
5 0 5 16
6 0 6 13
7 0 7 18
9 14 9 33
10 10 10 27
13 1 15 4
16 1 16 5
19 1 21 4
22 8 22 11
26 1 26 43
27 7 27 16
29 19 29 71
31 19 31 83
33 1 33 16
35 1 38 4
40 4 40 16
41 9 41 16
43 9 43 30
45 36 45 39
46 1 63 4
65 6 65 19
66 7 66 13
67 1 67 13
69 10 69 18
70 5 70 13
71 3 71 11
72 2 72 8
73 2 73 9
75 27 75 31
75 39 75 54
75 60 75 63
76 1 91 4
93 8 93 50
96 6 96 9
96 15 96 18
96 25 96 29
96 35 96 38
96 45 96 49
96 57 96 62
97 11 98 1
99 1 111 4
115 9 115 23
117 4 117 14
119 9 119 16
120 6 120 17
122 9 122 21
124 9 124 45
125 11 125 38
126 8 126 74
127 8 127 58
128 23 128 47
129 1 129 29
130 15 130 37
131 25 131 34
133 8 133 19
136 1 138 4
140 9 140 26
143 1 150 4
152 8 152 42
154 14 154 45
157 1 177 4
179 12 179 19
180 12 180 22
181 13 181 21
182 5 182 20
183 3 183 29
184 14 184 18
185 14 185 24
187 3 187 24
189 1 189 27
192 1 196 4
199 16 199 22
200 14 200 29
201 17 201 20
201 17 201 38
201 24 201 38
204 5 204 22
205 10 205 14
206 42 206 63
207 9 207 15
210 12 210 31
211 6 211 9
211 15 211 18
211 24 211 27
211 33 211 36
212 6 212 9
213 1 219 4
220 8 225 2
