1 0 6 3
7 0 7 45
8 0 8 16
9 0 9 16
11 0 11 30
12 0 12 29
15 1 17 4
19 30 19 33
19 46 19 56
20 1 22 4
25 9 25 32
26 8 26 16
28 2 28 6
29 8 29 17
33 4 33 22
35 4 35 40
37 4 37 41
39 4 39 36
44 14 44 29
45 1 47 4
50 2 52 5
53 12 53 43
54 9 54 37
57 18 73 2
74 11 74 72
77 19 77 28
78 5 78 14
79 3 79 21
80 17 80 24
81 17 81 24
81 17 81 34
81 28 81 34
82 18 82 26
82 18 84 14
82 30 82 49
87 5 87 48
88 3 90 14
93 7 93 27
94 5 94 18
95 10 95 20
96 11 96 19
98 17 98 29
101 9 101 33
105 11 105 13
106 11 106 18
107 6 107 22
108 4 108 9
110 7 110 22
111 15 111 19
112 9 112 23
113 15 113 18
115 15 115 19
117 9 117 15
120 2 123 5
124 11 124 16
125 10 125 32
130 11 130 23
131 11 131 17
132 20 132 21
134 6 134 36
135 7 135 24
136 5 136 30
139 7 139 30
140 5 140 29
141 13 141 48
143 5 143 15
145 4 145 15
146 12 146 14
147 4 147 44
149 8 149 41
150 7 150 24
151 5 151 30
154 7 154 26
155 18 155 29
156 14 156 22
158 5 158 29
159 12 159 14
161 8 161 39
164 13 164 38
165 4 165 49
166 14 166 29
167 8 167 45
168 7 168 18
169 5 169 76
172 7 172 52
174 12 174 29
175 12 175 20
176 6 176 52
178 11 178 14
180 4 180 41
181 8 181 41
182 7 182 24
183 5 183 30
184 11 184 28
185 8 185 41
186 7 186 18
187 5 187 76
189 4 189 45
191 8 191 41
192 7 192 24
193 5 193 30
194 11 194 34
195 8 195 25
196 7 196 27
200 8 200 27
202 7 202 42
203 7 203 25
205 13 205 22
206 7 206 66
207 10 207 58
208 6 208 66
210 6 210 22
212 5 212 21
213 8 213 24
214 4 214 8
216 4 216 64
218 13 218 21
220 5 220 22
221 3 221 28
222 5 222 28
223 3 223 27
224 11 224 46
226 2 226 13
227 2 229 20
229 2 229 20
231 11 231 16
232 6 232 20
233 4 235 19
235 2 235 19
237 9 237 22
239 2 239 23
241 8 241 21
242 11 242 16
243 3 245 17
245 2 245 17
247 2 247 27
248 9 248 14
250 2 250 20
252 9 252 26
254 7 254 25
255 9 255 18
256 3 256 76
258 11 258 16
259 6 259 10
260 4 262 19
262 2 262 19
264 7 264 25
265 16 265 25
266 11 266 13
267 12 267 18
268 12 268 39
270 3 270 19
272 47 272 54
273 9 273 59
275 51 275 80
275 87 275 91
279 13 279 38
280 5 280 55
281 11 281 15
284 11 284 18
288 16 288 28
289 6 289 23
291 4 291 12
294 11 294 37
295 13 295 23
296 12 296 40
298 9 298 14
301 1 303 4
306 17 306 24
307 14 307 18
308 23 308 32
309 18 309 33
310 20 310 37
313 2 315 5
316 23 316 90
317 9 317 13
320 2 322 5
323 23 323 32
324 9 324 13
327 2 330 5
331 10 331 27
332 9 332 44
335 2 337 5
338 9 338 76
