1 0 3 3
4 0 4 9
5 0 5 14
6 0 6 12
7 0 7 11
8 0 8 15
9 0 9 16
11 0 11 25
12 0 12 20
15 5 15 15
17 13 17 35
19 7 19 50
20 3 20 19
21 3 21 31
22 3 22 32
23 3 23 32
25 12 25 20
26 4 26 17
28 2 28 15
29 2 29 17
32 5 32 15
34 13 34 32
36 14 36 47
37 4 37 20
39 12 39 20
40 4 40 17
42 2 42 15
43 2 43 17
46 6 46 33
47 6 47 17
49 9 49 55
50 7 50 21
51 22 51 44
52 9 52 29
54 7 54 19
54 21 54 33
56 3 56 30
58 3 58 26
59 12 59 22
60 7 60 20
61 5 61 10
62 12 62 22
63 7 63 26
64 5 64 10
67 2 67 37
68 2 68 43
69 1 69 33
77 5 77 15
79 13 79 35
80 11 80 19
81 3 81 15
82 2 82 35
83 7 83 8
84 3 84 32
85 3 85 7
87 2 87 21
88 7 88 8
89 3 89 43
90 3 90 41
91 3 91 38
93 2 93 15
94 7 94 8
95 3 95 7
98 1 100 4
102 6 102 33
103 6 103 17
104 9 104 55
105 2 105 38
106 2 106 38
108 7 108 19
108 21 108 33
109 3 109 41
110 12 110 22
111 7 111 15
112 5 112 10
115 12 115 22
116 4 116 9
117 3 117 12
119 3 119 24
120 12 120 22
121 7 121 15
122 5 122 10
123 3 123 45
124 3 124 41
125 3 125 40
128 10 128 12
130 11 130 33
131 3 131 28
133 11 133 17
134 3 134 29
135 3 135 16
136 3 136 28
137 8 137 9
138 4 138 29
139 3 139 28
142 6 142 33
144 6 144 17
145 18 145 46
146 9 146 38
147 12 147 35
148 12 148 35
150 8 150 25
150 27 150 44
151 4 151 38
153 3 153 45
154 3 154 45
155 3 155 45
156 3 156 45
159 4 159 46
160 4 160 46
161 4 161 46
162 4 162 46
164 3 164 45
165 3 165 45
166 3 166 45
167 3 167 45
170 5 170 15
171 1 171 27
172 1 172 9
175 5 175 15
176 1 176 10
177 6 177 7
178 2 178 10
179 1 179 27
181 8 181 30
182 10 182 14
183 2 183 14
184 1 184 19
185 1 185 27
187 6 187 7
188 2 188 20
189 2 189 10
190 2 190 20
191 1 191 19
192 1 192 27
194 10 194 14
195 2 195 27
196 2 196 27
198 1 198 27
199 1 199 14
200 1 200 26
201 6 201 36
202 7 202 8
203 3 203 7
206 5 206 15
207 1 207 30
209 8 209 27
210 1 210 26
211 1 211 26
212 1 212 30
213 1 213 30
214 1 214 14
215 1 215 14
220 1 220 37
221 1 221 37
224 5 224 15
226 8 226 27
227 1 227 13
228 1 228 13
229 1 229 16
230 1 230 24
232 7 232 21
233 11 233 26
234 6 234 27
238 1 238 24
239 1 239 24
242 1 242 16
243 1 243 24
244 1 244 24
245 1 245 24
246 1 246 14
247 1 247 14
249 7 249 17
250 11 250 26
251 6 251 32
254 3 254 24
256 1 256 24
257 1 257 24
260 5 260 15
261 8 261 27
264 6 264 25
265 2 265 16
268 1 268 15
269 6 269 36
270 2 270 16
273 1 273 25
274 1 274 24
276 1 276 26
277 6 277 36
278 2 278 25
280 1 280 14
281 1 281 14
282 1 282 14
283 6 283 7
284 2 284 6
287 5 287 15
288 8 288 27
289 1 289 14
290 1 290 14
291 1 291 26
292 1 292 26
293 1 293 14
294 6 294 7
295 2 295 6
298 1 298 14
300 6 300 7
301 13 301 30
302 10 302 36
303 1 303 26
304 10 304 18
305 2 305 27
306 8 306 16
309 8 309 17
310 5 310 15
312 7 312 24
313 2 313 45
314 2 314 37
316 7 316 25
317 2 317 45
318 2 318 38
320 12 320 30
321 2 321 40
322 2 322 33
324 2 324 13
325 2 325 13
326 2 326 10
329 1 329 66
332 1 332 60
335 6 335 43
336 6 336 25
337 1 337 17
339 10 339 27
340 1 340 25
341 1 341 25
344 6 344 23
345 11 345 21
346 3 346 34
347 6 347 24
348 4 348 18
350 7 350 18
351 5 351 23
352 5 352 10
353 4 353 28
354 4 354 14
355 1 355 22
358 13 358 26
359 6 359 22
360 11 360 19
361 1 361 24
364 6 364 32
365 6 365 24
366 1 366 17
368 10 368 27
369 1 369 30
370 6 370 23
371 11 371 21
372 6 372 29
373 4 373 32
375 6 375 53
376 4 376 19
377 4 377 9
379 15 379 26
380 1 380 39
381 1 381 29
384 6 384 33
385 6 385 17
385 19 385 48
386 9 386 33
387 7 387 52
389 2 389 25
390 2 390 27
391 2 391 35
