1 0 45 3
46 0 46 13
47 0 47 16
48 0 48 16
49 0 49 33
50 0 50 38
52 12 52 14
53 15 53 17
61 10 61 12
63 16 73 1
75 6 75 22
76 6 78 10
80 1 100 4
103 1 103 26
104 1 104 24
105 1 105 23
106 1 106 30
107 1 107 36
108 1 108 29
109 1 109 32
137 1 147 4
149 17 149 42
150 15 150 38
151 16 151 40
152 19 152 46
153 23 153 54
154 20 154 48
155 23 155 54
158 4 158 23
159 15 162 3
164 13 164 36
165 18 165 20
166 10 166 12
167 9 167 22
168 7 168 9
171 7 171 18
172 10 172 21
173 8 173 16
174 14 174 28
180 9 180 19
181 7 181 15
182 10 182 18
184 29 184 39
186 7 186 9
187 7 187 9
188 7 188 9
189 16 193 3
194 12 194 22
198 5 198 24
200 11 200 23
201 12 201 14
202 11 202 24
205 8 205 11
208 8 208 21
209 9 209 42
210 6 210 16
212 7 212 32
213 5 215 7
216 5 216 28
218 5 218 33
219 12 219 24
220 5 220 22
222 13 222 37
225 10 225 30
226 12 226 24
227 13 227 15
228 12 228 25
229 8 229 17
231 4 231 16
232 10 232 13
235 11 235 27
236 4 236 21
237 9 237 35
238 2 238 25
241 5 241 72
241 20 241 47
241 51 241 70
250 8 250 49
251 5 251 15
254 13 254 44
255 14 255 26
257 6 257 14
258 13 258 28
259 12 259 37
260 27 260 49
262 13 262 30
263 8 263 29
264 6 264 73
266 13 266 28
267 14 267 39
268 27 268 65
270 3 270 18
272 3 272 31
273 3 273 13
274 3 274 22
278 13 278 15
279 16 279 30
281 16 281 30
282 9 282 33
283 10 283 45
284 7 284 17
288 8 288 15
289 6 289 34
290 16 290 18
291 19 291 33
292 14 292 22
293 11 293 29
295 8 295 33
296 6 299 8
300 6 300 29
302 6 302 34
303 6 303 29
304 13 304 25
305 6 305 23
307 14 307 38
309 13 309 25
310 14 310 16
311 13 311 26
313 9 313 12
318 11 318 29
319 14 319 71
320 5 320 20
322 8 322 16
323 14 323 31
324 9 324 30
325 7 325 74
327 5 327 23
330 8 330 31
331 6 331 34
332 6 335 8
336 6 336 29
338 6 338 39
339 6 339 29
340 13 340 25
341 6 341 23
343 14 343 38
347 6 347 13
348 4 348 32
351 3 351 26
354 3 354 13
357 3 357 14
360 15 360 34
362 5 362 7
363 6 363 18
364 4 368 6
371 44 371 54
372 10 372 20
373 4 377 6
378 4 378 27
380 4 380 37
381 11 381 23
382 4 382 21
384 12 384 36
386 5 386 7
387 6 387 27
389 17 389 19
390 11 390 13
391 14 391 22
392 8 392 25
393 4 397 6
401 5 401 39
403 6 403 43
404 4 404 32
405 4 405 28
406 11 406 23
407 4 407 21
410 12 410 37
417 8 417 12
418 9 418 26
421 10 421 49
422 7 422 17
426 8 426 39
427 6 430 8
431 6 431 29
433 6 433 39
434 13 434 25
435 6 435 23
437 14 437 38
441 11 441 31
442 13 442 25
443 14 443 16
444 13 444 26
450 14 450 32
451 8 451 21
452 15 452 18
455 25 455 40
456 19 456 31
457 5 457 21
460 19 460 39
461 12 461 22
462 6 462 69
463 6 463 29
465 6 465 39
466 13 466 25
467 6 467 23
469 14 469 38
471 5 471 20
472 12 472 22
475 7 475 15
476 6 476 15
478 11 478 19
479 17 479 18
480 4 480 25
485 11 485 23
486 13 486 15
487 12 487 25
490 8 490 16
491 10 491 19
492 12 492 20
493 18 493 19
495 12 495 34
496 9 496 17
500 11 500 25
501 12 501 20
502 14 502 24
503 14 503 25
504 18 504 32
509 6 509 10
510 17 510 21
511 4 511 33
512 4 512 19
515 3 515 19
519 6 519 29
520 7 520 23
523 5 523 10
526 10 526 34
528 8 528 21
530 6 533 8
534 6 534 29
536 6 536 34
537 13 537 25
538 6 538 23
540 14 540 38
542 13 542 25
543 14 543 16
544 13 544 26
546 4 546 30
548 4 548 16
550 7 550 23
552 18 552 20
553 12 553 14
558 5 558 13
562 3 562 24
564 5 564 21
569 14 569 16
570 9 570 42
571 9 571 18
572 7 572 17
574 8 574 16
575 6 575 36
576 17 576 19
577 8 577 36
578 6 580 8
581 6 581 29
583 6 583 34
584 13 584 25
585 6 585 23
587 14 587 38
589 13 589 25
590 14 590 16
591 13 591 26
593 9 593 12
596 15 596 72
597 5 597 21
598 5 598 29
600 8 600 31
602 6 602 36
603 6 603 18
604 6 606 8
607 6 607 29
609 6 609 34
610 13 610 25
611 6 611 23
613 14 613 38
615 8 615 33
617 6 617 36
618 6 618 18
619 6 621 8
622 6 622 29
624 6 624 34
625 13 625 25
626 6 626 23
628 14 628 38
631 10 631 43
634 3 634 15
636 6 636 14
637 4 637 34
639 14 639 16
640 3 640 33
645 2 645 12
646 5 646 28
647 6 647 9
648 4 648 27
649 3 649 36
650 10 650 22
651 3 651 20
653 11 653 35
659 8 659 16
660 11 660 23
661 12 661 14
662 11 662 24
672 15 672 27
675 1 677 4
678 1 678 20
679 5 679 27
680 1 680 13
681 8 681 9
684 1 687 4
688 8 688 57
689 11 689 18
691 1 691 24
693 9 693 29
696 1 709 4
710 8 710 43
721 1 723 4
725 11 725 21
727 8 727 19
728 8 728 14
730 16 730 22
732 6 732 21
734 14 734 29
735 12 735 13
736 8 736 16
737 4 737 24
738 10 738 11
739 4 739 11
740 8 740 15
741 12 741 24
742 12 742 19
744 7 744 13
746 13 746 20
748 13 748 57
749 13 749 20
751 12 751 21
752 12 752 25
755 1 757 4
758 1 758 17
759 5 759 16
760 1 760 13
761 8 761 9
