1 0 3 3
6 1 8 4
10 4 10 35
11 9 11 40
12 6 12 29
13 9 13 31
15 9 15 14
18 1 20 4
21 7 21 9
24 10 24 32
26 17 26 30
27 5 27 9
28 6 28 9
29 4 29 24
30 4 30 13
31 10 31 12
32 4 32 16
34 12 34 16
35 7 35 8
36 5 36 14
38 9 38 16
40 6 40 11
41 4 41 21
43 4 43 19
44 2 44 11
47 1 49 4
51 10 51 14
52 5 52 11
53 3 53 11
56 20 56 44
57 10 57 17
58 9 58 19
60 20 60 48
61 3 61 23
62 3 62 12
64 2 64 18
67 8 67 43
70 7 70 12
71 13 71 18
72 6 72 12
73 5 73 12
74 3 74 11
76 5 76 12
77 7 77 11
79 7 79 21
81 9 81 28
82 8 82 11
