1 0 1 39
4 1 4 12
5 10 5 12
7 14 7 23
9 3 9 18
10 3 10 26
11 3 11 23
13 6 13 26
14 9 14 17
17 6 17 26
18 6 18 52
19 9 19 10
22 1 22 14
23 5 23 10
24 7 24 12
25 7 25 26
26 8 26 32
27 5 27 15
28 1 28 20
29 1 29 11
30 1 30 18
31 1 31 9
32 1 32 19
34 1 34 14
35 5 35 10
36 7 36 12
37 7 37 26
38 8 38 32
39 5 39 15
40 1 40 20
41 1 41 14
42 1 42 18
43 1 43 6
44 1 44 19
47 1 47 14
48 5 48 10
49 7 49 12
50 7 50 26
51 8 51 31
52 5 52 15
53 1 53 30
54 1 54 14
55 1 55 18
56 1 56 6
57 1 57 19
60 1 60 14
61 6 61 17
62 5 62 10
63 7 63 12
64 7 64 26
66 10 66 33
67 8 67 9
68 1 68 18
69 1 69 6
70 1 70 8
71 1 71 19
72 1 72 16
75 1 75 14
76 17 76 33
77 12 77 18
78 7 78 31
79 7 79 21
80 1 80 8
81 1 81 21
84 1 84 14
85 7 85 31
86 7 86 21
87 10 87 37
88 2 88 7
89 2 89 7
90 1 90 8
91 1 91 21
