1 0 18 3
20 0 20 45
21 0 21 15
22 0 22 16
24 0 24 28
25 0 25 27
28 7 28 44
30 42 30 67
31 1 35 4
38 10 38 30
40 4 40 25
42 14 42 40
43 16 43 47
44 5 44 14
45 17 45 31
47 5 47 42
48 10 48 12
50 10 50 57
52 9 52 52
54 8 54 40
59 1 62 4
63 13 63 27
66 19 66 35
69 2 69 40
72 9 72 13
75 8 75 22
76 8 76 11
77 12 77 18
78 11 78 12
82 3 82 22
85 1 101 4
104 2 107 5
108 15 108 82
110 14 110 16
115 2 117 5
118 9 118 27
124 2 133 5
136 5 136 27
137 12 137 22
138 12 138 21
142 5 142 27
144 9 144 36
145 9 145 20
146 7 146 29
147 9 147 36
148 9 148 18
152 6 152 12
154 8 154 55
158 10 158 31
160 10 160 12
161 9 161 17
163 9 165 10
167 2 170 5
171 9 171 23
174 2 174 44
177 2 177 20
180 2 182 5
183 7 183 20
184 10 184 23
185 7 185 17
187 5 187 73
193 33 193 36
193 47 193 62
194 2 197 5
199 7 199 20
200 6 200 18
201 6 201 18
203 10 203 41
204 10 204 21
205 11 205 22
206 5 206 16
207 3 207 27
209 12 209 23
210 16 210 27
211 11 211 48
212 6 212 31
213 4 213 33
215 42 215 72
216 4 216 21
218 7 218 33
219 5 219 39
222 5 222 36
223 5 223 22
224 5 224 35
226 6 226 51
227 4 227 30
233 2 241 5
243 13 243 19
245 5 245 35
246 15 246 32
247 6 247 21
249 15 249 33
250 12 250 30
252 15 252 34
253 2 253 21
254 2 254 51
255 5 255 23
256 3 256 24
259 2 262 5
265 10 265 25
267 11 271 3
272 5 272 25
273 3 273 52
276 14 276 16
279 11 279 17
280 6 280 23
281 4 281 33
284 10 284 14
285 10 285 14
287 7 287 21
288 5 288 24
289 5 289 13
291 7 291 24
292 13 292 27
293 8 293 20
294 13 294 28
295 12 295 23
297 7 297 26
298 5 298 41
300 5 300 41
307 9 307 18
310 2 312 5
313 13 313 25
315 5 315 18
317 3 317 54
318 7 318 49
319 3 319 37
321 15 321 54
322 6 322 15
324 4 324 35
326 3 326 46
331 2 331 74
334 9 334 21
335 7 335 16
336 11 336 27
337 10 337 28
339 16 339 32
340 16 340 47
344 5 344 38
345 3 346 75
348 10 348 23
350 5 350 15
351 3 351 53
353 3 353 66
356 2 362 5
364 21 364 27
365 2 365 91
367 21 367 47
368 2 369 60
369 14 369 19
369 14 369 32
369 24 369 32
370 2 370 61
373 2 375 5
377 21 377 27
378 2 378 76
380 2 380 61
381 2 381 61
384 5 384 29
385 3 385 37
387 22 387 28
389 6 389 24
390 11 390 20
394 12 394 33
395 7 395 22
396 25 396 30
398 5 398 14
401 3 402 86
403 3 403 62
405 6 405 26
406 4 409 5
411 15 411 57
412 4 412 78
413 4 413 63
416 5 416 29
417 3 417 37
419 11 419 68
420 3 420 49
423 5 423 29
424 3 424 37
426 11 426 68
427 3 427 48
430 9 430 56
432 20 446 2
449 2 452 5
455 5 455 41
457 3 457 47
460 3 460 29
463 11 463 47
464 22 464 63
465 13 465 30
466 8 466 32
468 6 468 28
471 10 471 26
472 23 472 25
473 13 473 31
474 5 474 49
475 8 475 53
476 13 476 44
477 5 477 48
478 8 478 31
481 6 481 16
482 23 482 25
485 18 485 20
486 13 486 26
487 9 487 35
488 7 488 41
490 15 490 34
491 21 491 31
492 15 492 26
495 15 495 28
497 3 497 62
501 22 501 35
502 10 502 20
503 16 503 26
505 15 505 23
507 26 507 31
508 6 508 17
509 14 509 29
510 19 510 29
510 19 510 50
510 33 510 40
515 6 515 32
517 7 517 70
518 8 518 37
519 9 519 36
523 7 523 29
524 7 524 12
526 7 526 50
528 16 528 31
529 6 529 33
530 6 530 61
532 5 532 41
534 8 539 6
541 7 541 36
544 16 544 41
545 8 545 55
546 6 546 22
548 8 548 55
549 6 549 28
550 5 550 10
553 7 553 63
554 8 554 31
556 6 556 14
562 17 562 35
564 15 564 50
565 10 565 37
566 8 566 16
567 10 567 39
568 15 568 16
569 8 569 13
570 9 570 26
571 7 571 25
573 7 573 66
575 8 575 19
576 6 576 44
579 5 579 60
580 8 580 42
584 4 584 24
586 7 586 94
588 13 588 28
589 8 589 36
590 19 590 21
592 19 592 21
593 8 593 46
594 6 594 30
596 7 596 25
599 8 599 33
607 6 607 10
609 8 609 43
610 7 610 36
612 5 612 72
615 9 615 56
617 8 617 58
619 13 619 28
620 9 620 43
621 25 621 55
623 5 623 64
626 8 626 34
627 7 627 29
628 16 628 41
629 8 629 74
630 6 630 22
632 5 632 27
635 7 635 22
636 15 641 6
642 5 642 32
644 8 644 68
645 6 645 11
648 16 648 41
649 8 649 74
650 6 650 22
652 5 656 7
658 8 658 35
659 7 659 24
660 16 660 41
661 8 661 74
662 6 662 22
664 5 664 27
668 7 668 27
669 15 674 6
675 5 675 32
677 8 677 68
678 6 678 11
680 16 680 41
681 8 681 74
682 6 682 22
684 5 688 7
690 8 690 27
698 7 698 36
699 16 699 41
700 8 700 74
701 6 701 22
705 5 705 27
709 23 709 29
715 4 715 35
717 7 717 33
718 10 718 20
720 8 720 81
722 6 722 55
728 9 728 34
730 7 730 56
732 10 732 25
733 18 733 23
734 5 734 51
736 8 736 39
737 6 737 23
739 5 739 61
740 5 740 71
742 9 742 29
743 13 743 37
744 5 744 30
745 5 745 62
746 9 746 33
747 18 747 42
748 5 748 35
749 5 749 67
750 8 750 32
751 7 751 25
752 5 753 73
755 5 755 34
756 8 756 30
757 12 757 37
758 4 758 29
759 14 759 19
760 12 760 20
761 18 761 26
762 8 762 34
763 7 763 36
764 16 764 41
765 8 765 74
766 6 766 22
768 7 768 24
769 5 771 40
774 23 774 32
775 15 775 53
775 16 775 18
775 33 775 50
776 14 776 56
777 13 777 27
779 8 779 26
780 16 780 31
782 16 782 57
783 24 783 31
784 9 784 24
785 7 785 46
787 7 787 30
789 17 789 22
792 15 792 22
793 13 793 23
794 19 794 29
795 8 795 30
796 4 796 8
798 4 800 39
808 45 808 49
809 2 811 5
814 9 814 51
816 11 816 31
817 8 817 20
818 2 818 65
820 9 820 13
822 50 822 54
823 2 825 5
826 9 826 46
