1 0 3 3
4 0 4 18
5 0 5 16
6 0 6 13
7 0 7 16
9 0 9 28
10 0 10 33
13 6 13 30
14 7 14 27
17 2 17 12
18 6 18 11
19 9 19 16
20 5 20 28
21 12 21 14
22 5 22 28
23 12 23 14
24 16 24 19
25 16 25 19
26 13 26 24
27 1 27 15
29 1 29 17
30 1 30 12
31 1 31 17
32 1 32 12
33 1 33 17
34 1 34 12
36 1 36 16
37 1 37 26
38 1 38 31
39 1 39 6
40 1 40 26
43 25 43 42
45 6 45 21
46 6 46 29
47 1 47 21
48 1 48 21
50 8 50 46
53 1 55 4
56 39 56 62
57 1 57 17
59 1 59 27
60 1 60 28
61 1 61 28
62 1 62 17
63 1 63 22
66 1 66 15
67 1 67 16
68 1 68 27
69 1 69 21
70 1 70 27
72 39 72 62
73 1 73 17
76 39 76 62
77 1 77 17
80 1 80 27
81 1 81 21
82 1 82 28
83 1 83 29
88 1 88 21
89 1 89 33
91 3 91 26
92 1 92 12
92 13 92 51
93 1 93 41
