1 0 1 40
4 1 6 4
7 1 7 38
8 1 8 39
11 1 13 4
14 10 18 14
20 1 20 82
23 1 25 4
26 10 31 14
33 1 36 2
39 1 41 4
42 10 45 14
47 1 47 64
50 1 52 4
53 10 57 14
59 1 59 77
62 1 64 4
65 10 69 11
71 1 71 66
74 1 76 4
77 10 81 18
83 1 83 72
86 1 88 4
89 10 93 17
95 1 95 70
98 1 100 4
101 10 105 20
107 1 107 76
110 1 112 4
113 10 118 10
120 1 120 64
123 1 125 4
126 10 129 14
131 1 131 49
134 1 136 4
137 10 145 2
147 7 147 40
148 1 157 2
160 1 162 4
163 10 170 2
172 7 172 40
173 1 182 2
185 1 187 4
188 10 197 2
199 10 208 3
210 1 210 36
212 3 212 26
213 1 213 12
213 13 213 51
214 1 214 39
