1 0 1 35
2 0 2 27
5 6 9 2
11 1 11 73
13 6 21 2
23 11 23 77
24 1 24 49
27 7 27 21
30 11 30 48
31 1 31 27
34 5 34 25
35 17 38 2
39 1 39 24
41 8 41 22
42 1 42 55
43 1 43 23
44 1 44 26
45 1 45 26
48 11 48 69
49 1 49 28
52 5 52 40
53 8 53 49
55 1 55 37
56 1 56 26
59 1 64 4
65 7 65 55
66 8 66 27
69 5 69 63
70 1 70 34
73 5 73 24
74 1 74 35
75 1 75 32
78 1 78 29
79 1 79 34
80 1 80 27
83 1 83 32
86 1 89 4
90 7 90 55
91 8 91 27
93 5 93 63
94 6 94 25
95 1 95 33
97 6 97 64
98 6 98 25
99 1 99 14
102 1 104 4
105 7 105 55
106 8 106 27
108 5 108 63
109 6 109 27
110 1 110 41
111 6 111 27
112 1 112 58
