1 0 3 3
4 0 4 18
5 0 5 16
6 0 6 13
7 0 7 16
9 0 9 32
10 0 10 27
11 0 11 26
12 0 12 34
15 10 15 26
16 8 16 50
17 1 17 17
18 1 18 7
20 5 20 28
21 5 21 32
22 1 22 34
23 1 23 44
24 1 24 7
26 1 26 43
27 1 27 37
28 1 28 43
29 1 29 7
30 1 30 42
33 1 35 4
37 5 37 35
38 1 38 32
40 7 40 25
41 5 41 34
42 1 42 12
45 1 47 4
48 10 48 12
49 7 49 25
50 7 50 45
51 1 51 14
53 1 53 39
56 1 58 4
59 10 59 26
60 5 60 7
61 7 61 25
62 7 62 40
63 1 63 16
64 1 64 16
66 1 66 41
67 1 67 7
69 1 69 17
70 21 70 35
71 1 71 43
75 10 75 26
76 6 82 2
83 5 83 28
84 6 84 27
85 6 85 32
87 8 87 67
88 1 88 17
89 1 89 7
93 2 93 12
94 8 94 47
96 11 96 28
97 2 97 49
99 12 99 66
100 7 100 53
101 5 101 45
102 5 102 44
104 1 104 23
105 1 105 7
106 1 106 27
107 1 107 7
108 1 108 26
109 1 109 28
111 1 111 7
112 1 112 25
113 1 113 7
114 1 114 26
116 1 116 28
117 1 117 30
119 1 119 29
120 1 120 43
123 1 123 29
124 1 124 27
125 1 125 7
126 1 126 28
127 1 127 26
129 1 129 29
130 1 130 30
131 1 131 7
132 1 132 28
133 1 133 42
134 1 134 7
135 1 135 29
