1 0 3 3
4 0 4 16
5 0 5 46
7 37 7 40
7 48 7 53
8 1 10 4
11 9 11 14
11 9 11 19
12 1 12 21
13 1 13 18
14 1 14 17
16 6 16 14
22 10 22 22
23 9 23 20
24 14 24 18
25 5 25 23
27 17 27 18
28 24 28 39
29 3 29 8
33 17 33 43
36 12 36 30
37 10 37 32
38 9 38 20
39 14 39 18
40 5 40 22
42 16 42 17
43 23 43 38
44 3 44 8
50 16 50 40
52 8 55 2
57 38 57 40
57 46 57 49
57 57 57 62
58 17 58 42
59 30 59 36
60 28 60 33
62 6 62 14
64 4 64 30
66 5 66 28
67 7 67 23
69 22 69 58
71 6 71 22
72 21 72 51
74 5 74 21
76 7 76 22
77 21 77 50
80 11 80 43
81 12 81 17
83 8 83 11
85 44 85 46
85 52 85 55
86 4 86 18
88 9 88 12
90 4 90 16
92 5 92 29
93 12 93 21
95 3 95 27
96 9 96 12
98 6 98 14
101 10 101 22
103 9 103 20
104 14 104 18
105 5 105 23
106 3 106 8
116 11 116 37
118 4 118 39
121 13 121 22
122 9 122 12
126 10 126 17
128 4 128 15
130 2 130 23
131 9 131 12
133 10 133 17
135 4 135 17
137 2 137 26
138 2 138 23
142 2 142 36
143 2 143 26
144 14 144 33
146 2 146 23
148 8 148 14
151 1 160 4
162 13 162 37
163 8 163 12
167 5 167 13
168 3 168 27
170 20 170 31
173 38 173 43
173 56 173 66
174 5 174 28
175 11 175 21
175 11 175 26
176 10 176 19
176 10 176 55
176 23 176 45
176 46 176 55
177 10 177 40
179 6 179 15
180 11 180 27
181 17 181 29
182 12 182 36
183 11 183 12
188 9 188 14
189 14 189 24
190 12 190 19
192 6 192 15
194 5 194 33
195 11 195 15
195 11 195 42
195 19 195 33
195 34 195 42
196 6 196 17
197 4 197 51
198 10 198 18
200 9 200 23
201 19 201 45
202 9 202 42
204 13 204 29
205 42 205 47
207 11 207 21
208 6 208 20
211 7 211 17
212 13 212 22
214 10 214 19
215 6 215 19
216 11 216 12
218 7 218 16
219 12 219 20
221 3 221 27
222 3 222 28
224 43 224 53
224 61 224 66
225 6 225 15
226 5 226 28
227 11 227 21
227 11 227 26
228 6 228 16
229 13 229 14
231 10 231 19
231 10 231 24
231 23 231 24
232 6 232 15
233 12 233 13
235 17 235 29
236 2 236 26
239 9 239 21
242 11 242 24
243 2 243 34
244 18 244 24
245 2 245 26
248 9 248 20
248 31 248 38
249 17 249 46
250 7 250 10
250 18 250 23
250 31 250 36
250 43 250 47
252 2 254 5
255 5 255 18
256 10 256 18
257 17 257 32
259 10 259 14
260 16 260 53
262 6 262 24
263 5 263 11
265 6 265 56
266 11 266 61
269 11 269 19
271 11 271 46
272 2 272 65
273 2 273 45
275 9 278 4
280 28 280 32
280 48 280 77
281 9 281 55
284 2 286 5
287 2 287 17
290 43 290 46
290 53 290 57
290 66 290 82
291 2 293 5
294 14 294 25
297 5 297 22
298 10 298 20
300 10 300 24
302 8 302 24
305 9 305 51
306 12 306 20
307 3 307 11
308 13 308 19
309 6 309 33
311 4 311 9
313 19 313 28
314 17 314 23
315 2 315 26
318 11 318 24
319 19 319 52
320 18 320 24
321 2 321 26
324 11 324 24
325 2 325 33
326 18 326 24
327 2 327 26
329 47 329 53
330 11 330 24
331 19 331 60
332 18 332 24
333 2 333 26
335 42 335 48
335 54 335 57
335 63 335 66
337 6 337 15
338 9 338 21
339 10 339 23
340 5 340 14
341 10 341 11
342 5 342 15
343 11 343 12
344 5 344 18
345 17 345 28
347 2 347 38
348 19 348 31
349 2 349 26
352 2 354 5
356 2 356 12
357 2 357 22
358 2 358 27
359 2 359 23
362 1 366 4
367 13 367 27
370 19 370 30
373 2 373 12
374 2 374 22
375 2 375 27
377 41 377 57
378 9 378 35
381 9 381 29
385 10 385 30
386 9 386 19
387 10 387 12
390 2 390 6
393 2 393 6
396 9 396 28
399 2 399 6
402 2 402 6
405 2 405 6
408 2 408 6
411 2 411 6
414 2 414 6
417 2 417 6
