31 1 56 2
39 3 44 8
40 3 41 13
42 3 43 13
44 3 44 8
50 2 56 2
51 6 51 57
51 24 51 48
52 3 52 13
55 2 55 11
63 1 84 2
65 17 65 39
67 2 67 27
69 7 69 38
70 4 70 14
70 10 70 10
72 3 76 4
73 4 73 13
74 10 74 17
75 4 75 13
78 2 78 25
80 6 80 28
81 3 81 15
81 10 81 10
83 2 83 13
91 1 119 2
93 17 93 39
94 24 94 50
95 17 95 32
95 28 95 28
95 35 95 51
95 54 95 54
98 14 98 19
98 21 98 24
99 2 116 3
101 7 101 17
102 4 102 16
102 11 102 11
103 3 116 3
105 3 105 28
109 3 109 26
112 7 112 13
113 4 113 16
113 11 113 11
114 8 115 9
114 12 114 32
114 13 114 13
114 13 114 32
115 4 115 9
118 2 118 19
118 19 119 2
123 1 170 2
129 6 129 17
129 13 129 13
130 3 130 13
133 2 170 2
133 14 133 33
133 18 133 33
133 40 133 43
134 2 162 3
135 14 135 14
135 14 135 29
135 29 162 3
139 11 139 21
141 4 160 9
141 9 141 19
144 5 144 14
146 9 146 58
147 6 147 31
149 9 149 34
150 5 154 6
152 6 152 15
156 4 156 9
158 4 160 9
164 2 168 12
167 3 167 12
177 1 207 2
179 19 179 43
180 17 180 39
181 14 181 14
185 3 188 19
188 4 188 19
189 3 189 8
191 3 202 8
193 8 193 38
194 5 194 17
194 12 194 12
195 4 196 18
196 4 196 18
197 3 197 8
199 3 201 16
201 11 201 11
202 3 202 8
205 2 206 14
206 9 206 9
214 1 221 2
216 19 216 43
220 2 220 16
228 1 253 2
234 3 235 16
235 11 235 11
236 3 236 8
238 3 240 8
239 10 239 17
242 3 244 8
243 10 243 18
246 3 248 8
247 10 247 17
251 2 251 11
251 11 252 13
260 1 305 2
261 56 261 56
265 19 265 43
266 12 266 12
269 6 269 85
270 3 270 15
270 10 270 10
272 2 305 2
272 10 272 20
274 3 278 8
274 8 274 18
276 4 276 33
280 3 300 8
280 8 280 18
282 8 282 27
282 8 282 48
282 31 282 48
283 4 286 5
285 12 285 12
291 3 300 8
291 8 291 18
293 3 300 8
293 8 293 18
294 3 300 8
294 8 294 18
295 3 300 8
297 8 297 44
298 5 298 17
298 12 298 12
300 3 300 8
303 2 303 11
303 11 304 12
312 1 365 2
313 14 313 14
315 12 315 12
316 13 316 13
320 3 321 16
321 11 321 11
322 3 322 8
324 3 326 8
328 3 346 8
332 5 333 18
333 13 333 13
334 5 334 10
335 5 338 10
339 5 342 18
342 13 342 13
343 5 343 10
346 3 346 8
349 2 365 2
349 10 349 20
351 3 355 8
351 8 351 18
353 4 353 33
357 3 361 8
359 25 359 49
364 2 364 13
372 1 376 2
375 23 375 47
380 1 384 2
383 2 383 16
391 1 433 2
397 6 397 42
398 3 398 15
398 10 398 10
400 2 433 2
400 7 400 31
401 6 401 23
402 2 430 3
403 7 403 7
403 7 403 19
404 3 407 4
409 3 419 4
410 8 410 16
411 5 411 23
413 4 418 5
424 7 424 16
425 4 425 16
425 11 425 11
426 3 430 3
428 7 428 61
428 30 428 52
429 4 429 16
429 11 429 11
432 2 432 19
432 19 433 2
463 1 470 2
466 6 466 30
466 30 466 49
467 3 467 17
469 2 469 17
469 17 469 17
474 1 481 2
477 6 477 6
477 6 477 18
478 3 478 17
480 2 480 17
480 17 480 17
492 1 504 2
495 2 495 10
497 2 504 2
497 6 497 68
497 23 497 47
498 3 498 13
500 2 504 2
500 6 500 64
500 21 500 43
501 3 501 13
503 2 503 11
508 1 517 2
511 2 511 31
513 16 513 40
514 14 514 36
524 1 534 2
530 6 530 29
530 25 530 25
530 30 530 31
533 2 533 9
541 1 570 2
542 27 542 27
546 6 546 56
547 3 547 15
547 10 547 10
549 2 570 2
549 8 549 18
550 6 550 17
550 13 550 13
551 3 551 15
551 10 551 10
553 2 570 2
555 15 555 15
557 6 557 54
557 23 557 45
558 2 561 3
559 3 559 12
560 10 560 10
563 2 570 2
563 6 563 58
563 25 563 49
564 2 567 3
565 3 565 12
566 10 566 10
569 2 569 13
