1 0 3 3
4 0 4 16
5 0 5 13
7 0 7 28
8 0 8 33
10 0 10 32
11 0 11 33
12 0 12 34
13 0 13 25
14 0 14 26
16 0 16 48
17 0 17 19
21 2 24 1
27 22 27 70
30 8 30 43
33 8 33 86
33 33 33 46
33 50 33 76
33 77 33 79
36 1 38 4
39 15 39 22
40 2 40 24
42 30 42 45
43 6 43 33
45 4 45 39
47 4 49 10
51 1 64 4
65 1 65 17
66 1 66 25
67 1 69 13
71 2 82 5
83 9 83 51
87 2 100 5
101 9 101 55
105 1 117 4
118 1 118 40
119 1 119 25
120 1 120 77
121 1 123 13
129 2 149 5
151 10 151 12
152 16 152 23
153 39 153 54
154 9 154 33
155 16 155 19
158 17 158 37
159 37 159 40
160 11 160 21
161 5 161 9
163 12 163 14
164 2 167 4
169 2 172 4
174 9 174 79
181 1 184 4
185 7 185 32
187 4 187 8
190 8 190 23
191 5 191 15
192 22 192 49
193 7 193 51
194 20 194 23
195 2 195 41
197 4 197 19
198 2 198 64
199 4 199 23
200 2 200 72
202 4 202 11
203 7 203 44
204 2 204 52
206 17 206 24
207 5 207 32
209 18 209 27
210 7 210 19
211 7 211 47
212 3 212 18
215 6 215 31
217 4 217 28
219 9 219 19
220 4 220 73
221 23 221 32
222 5 222 39
225 1 242 4
244 19 244 24
245 17 245 28
247 5 247 18
248 6 248 43
249 4 249 26
250 3 250 11
251 7 251 28
252 10 252 31
253 7 253 30
254 3 254 7
255 7 255 35
256 10 256 59
259 4 259 39
260 3 260 11
262 3 262 29
265 1 275 4
277 8 283 3
