1 0 1 40
4 1 6 4
7 5 7 22
8 5 12 2
13 1 13 15
15 6 18 2
19 1 19 16
20 1 20 22
21 1 21 17
22 1 22 25
23 1 23 30
25 1 25 14
26 1 26 22
27 1 27 29
29 1 29 10
30 1 30 16
32 10 32 11
33 1 33 15
36 1 38 4
39 5 39 22
40 5 40 23
41 1 41 20
42 1 42 21
44 10 44 17
45 10 45 17
46 1 46 21
48 8 48 14
50 10 50 14
51 11 51 19
53 1 53 30
55 1 55 46
59 7 59 40
60 1 60 57
63 7 63 40
64 1 64 59
67 8 67 42
68 1 68 59
69 1 69 65
72 8 72 42
73 1 73 70
74 1 74 76
77 7 77 45
78 1 78 16
79 1 79 20
80 1 80 19
82 7 82 44
83 12 83 14
84 1 84 20
87 7 87 26
88 1 88 53
90 1 90 24
91 1 91 25
92 10 92 20
93 1 93 26
94 1 94 31
95 12 95 22
96 12 96 22
97 1 97 51
100 11 100 15
101 1 101 21
102 1 102 52
105 13 105 15
106 1 106 37
107 1 107 19
109 3 109 26
110 1 110 39
111 1 111 12
111 13 111 51
