1 0 3 3
4 0 4 16
5 0 5 13
6 0 6 28
8 0 8 19
10 55 10 70
11 1 21 4
22 5 22 7
25 10 25 19
26 5 26 23
27 6 27 12
28 18 28 31
29 4 29 12
31 6 31 48
32 10 32 27
34 10 34 23
35 17 35 20
37 3 37 37
38 7 38 26
39 12 39 40
40 3 40 63
41 7 41 27
42 11 42 24
43 10 43 27
43 10 43 40
43 31 43 40
45 6 45 27
46 14 46 26
47 13 47 25
48 8 48 27
49 14 49 21
50 13 50 23
51 8 51 26
52 14 52 29
53 13 53 25
55 6 55 10
56 11 56 21
58 11 58 13
60 3 60 63
61 7 61 25
62 10 62 27
62 10 62 38
62 31 62 38
63 6 63 10
64 11 64 21
66 11 66 13
67 3 67 67
69 8 69 26
71 22 71 64
72 1 74 4
75 10 75 14
76 5 76 23
77 3 77 33
79 33 79 39
80 1 84 4
86 28 86 42
87 5 87 22
88 10 88 25
92 27 92 47
93 1 95 4
96 10 96 19
97 5 97 20
98 3 98 16
99 3 99 13
102 1 104 4
105 9 105 25
106 8 106 36
109 11 109 18
111 8 115 2
112 2 112 34
112 10 112 14
112 18 112 33
112 38 112 65
112 66 112 67
118 1 120 4
121 11 121 18
122 1 122 24
124 4 124 16
125 9 125 13
130 1 132 4
133 10 133 20
134 5 134 33
135 10 135 11
138 1 140 4
141 10 141 30
142 5 142 33
143 10 143 11
146 11 146 18
147 1 147 24
150 11 150 13
151 10 151 11
152 5 152 34
153 6 153 15
155 4 155 19
156 14 156 16
159 11 159 18
160 1 160 24
161 7 161 19
161 7 161 54
161 24 161 25
161 24 161 34
161 30 161 34
161 39 161 54
163 8 163 52
166 4 166 28
167 9 167 16
169 12 169 19
170 4 170 19
171 9 171 13
172 6 172 23
173 9 173 37
176 1 178 4
180 10 180 15
181 15 181 19
182 6 182 15
183 6 183 17
184 2 184 12
187 1 189 4
192 2 194 5
195 2 195 6
198 2 200 5
201 9 201 46
204 2 208 5
210 9 210 91
210 25 210 38
210 42 210 66
212 12 212 19
215 9 215 17
218 9 218 22
221 1 223 4
224 9 224 52
227 2 238 5
239 23 239 36
240 18 240 26
241 14 241 41
242 14 242 39
245 2 245 29
246 9 246 69
249 2 249 28
252 2 255 3
258 2 261 3
266 2 277 5
278 11 278 20
279 12 279 21
282 5 282 23
283 10 283 38
284 7 284 27
285 10 285 22
286 6 286 23
287 10 287 24
288 7 288 17
291 5 291 9
293 12 293 31
294 12 294 24
300 10 300 24
302 2 309 3
312 9 312 11
315 9 315 11
317 19 324 2
327 10 327 20
328 10 332 3
329 16 329 20
329 24 329 29
333 9 333 32
334 2 334 23
336 2 345 4
348 9 348 49
351 9 351 54
354 2 354 37
355 12 355 21
356 10 356 20
360 12 360 25
361 17 361 30
363 9 368 3
371 12 374 3
376 11 379 3
381 2 388 14
390 2 392 5
393 11 393 19
394 6 394 24
395 4 395 12
396 6 396 23
397 4 397 12
398 6 398 40
399 4 399 12
402 3 402 8
410 10 410 20
411 5 411 53
412 3 415 5
418 3 418 7
421 10 421 20
422 5 422 61
423 6 423 35
425 4 425 24
427 10 427 22
428 3 434 4
433 20 433 32
433 36 433 49
437 3 437 7
440 10 440 20
441 6 441 20
442 12 442 21
443 11 443 20
444 16 444 42
446 2 453 3
452 17 452 31
452 35 452 51
456 2 456 35
457 12 457 21
460 17 460 27
461 2 465 3
468 2 471 3
472 14 472 24
473 3 473 59
476 28 476 39
476 28 476 67
476 43 476 67
477 5 477 10
478 15 478 20
479 11 479 20
484 2 491 3
494 2 497 5
498 68 498 77
499 2 505 3
507 17 516 2
