1 0 33 3
34 0 34 13
35 0 35 16
36 0 36 13
38 0 38 23
39 0 39 19
41 11 41 51
42 16 42 56
47 6 47 17
48 1 50 4
51 7 51 24
52 6 52 69
53 8 53 39
58 6 58 11
59 8 59 60
64 6 64 12
65 17 65 42
66 8 66 44
69 11 69 51
72 13 126 1
128 1 128 24
129 40 129 43
130 1 133 4
135 12 135 31
136 8 136 25
138 43 138 46
139 1 141 4
142 8 142 71
147 18 147 35
150 17 150 40
151 18 151 26
152 18 152 51
154 14 154 22
155 14 155 19
156 22 156 45
157 26 157 45
158 21 158 79
159 20 159 43
168 6 168 35
169 1 174 4
176 4 176 20
177 12 177 27
177 12 177 33
177 31 177 33
178 7 178 24
179 6 179 30
180 9 180 22
182 4 182 19
183 5 183 17
184 12 184 14
185 10 185 13
186 10 186 12
188 10 188 44
189 12 189 15
190 10 190 24
192 10 195 3
196 8 201 3
204 9 204 12
205 10 205 47
207 5 207 24
209 9 209 27
211 9 211 20
213 8 213 26
215 49 215 52
216 1 225 4
226 14 226 43
227 8 227 36
236 6 236 17
237 1 239 4
241 4 241 22
243 4 243 23
247 11 247 33
248 9 248 29
249 10 249 21
250 8 250 32
257 4 257 84
259 28 259 54
260 9 260 19
261 14 261 16
262 12 262 16
265 14 265 55
268 25 268 46
269 9 269 19
270 11 270 17
271 18 271 20
273 10 273 24
276 25 276 54
277 13 277 32
279 6 279 14
280 17 280 29
282 14 282 58
286 5 286 25
287 9 287 24
288 11 288 27
289 13 289 27
292 11 292 26
296 4 296 12
297 15 297 57
298 9 298 48
302 8 312 3
303 2 303 9
314 27 314 38
315 1 322 4
323 8 323 37
326 1 328 4
329 8 342 3
345 25 345 38
348 24 348 80
351 1 356 4
358 10 358 27
359 6 359 15
360 5 360 17
361 10 361 47
