1 0 3 3
4 0 4 10
5 0 5 9
6 0 6 18
7 0 7 14
8 0 8 16
10 0 10 34
12 0 12 19
15 1 17 4
18 13 20 13
22 2 25 5
26 6 26 21
27 8 27 62
28 7 28 15
29 5 29 19
30 10 30 57
35 2 37 5
38 9 38 64
42 2 45 5
46 9 46 55
50 8 50 29
51 2 51 31
52 9 52 12
56 2 60 5
61 6 61 31
62 11 62 19
63 15 63 40
64 9 66 13
64 23 64 44
64 48 64 58
64 64 64 66
68 9 68 36
69 6 69 26
70 11 70 12
71 7 71 20
72 9 72 10
75 9 75 41
78 9 78 22
81 9 81 96
84 2 86 5
87 9 87 53
90 9 90 55
94 2 96 5
98 9 98 32
102 2 105 5
107 9 107 24
111 2 117 5
119 5 119 24
120 10 120 14
122 9 122 55
126 9 126 55
130 2 132 5
134 9 134 27
137 2 139 5
141 10 141 34
142 9 142 18
146 2 149 5
151 10 151 33
154 2 156 5
158 9 158 20
159 5 159 18
162 9 162 35
163 14 163 26
166 2 171 5
174 6 174 10
175 8 175 18
176 6 176 29
177 11 177 12
178 7 178 18
181 2 183 5
184 9 184 40
187 2 191 5
193 6 193 10
194 6 194 8
196 8 196 44
197 9 197 19
198 6 198 22
199 4 199 17
200 7 200 18
202 9 202 10
205 2 208 5
210 12 210 24
211 11 211 18
212 6 212 30
213 4 213 36
216 2 218 5
221 10 221 38
222 9 222 18
223 6 223 19
226 4 226 9
229 2 231 5
233 13 233 15
234 12 234 14
236 9 236 20
237 5 237 49
238 12 238 25
240 12 240 25
241 6 241 25
242 11 242 44
242 11 242 79
242 48 242 79
244 35 244 53
245 12 245 36
246 10 246 44
250 8 250 59
254 6 254 14
256 8 256 13
257 6 257 25
259 6 259 24
261 9 261 26
264 2 266 5
268 15 268 30
269 9 269 11
270 10 270 21
272 8 272 13
273 9 273 24
274 12 274 26
277 3 277 18
278 3 278 18
281 3 281 19
282 9 282 19
285 2 287 5
289 9 289 43
290 5 290 18
294 9 294 24
297 2 299 5
301 8 301 20
302 9 302 29
305 2 307 5
309 9 309 41
312 1 325 4
326 13 328 13
330 9 330 55
334 2 338 5
339 11 339 19
340 6 340 26
341 8 341 17
342 7 342 21
343 5 343 22
345 4 345 21
348 14 348 18
349 23 349 26
350 20 350 30
351 17 351 24
354 2 359 5
360 6 360 55
361 5 361 15
362 10 362 12
364 10 364 21
367 2 369 5
370 6 370 21
371 9 371 49
374 2 376 5
377 2 377 19
380 2 383 5
384 2 384 51
