1 0 3 3
4 0 4 38
7 1 9 4
10 5 10 35
11 1 11 21
12 1 12 27
13 1 13 19
15 5 15 30
16 1 16 21
17 1 17 27
18 1 18 28
21 1 23 4
24 1 24 65
25 1 25 65
27 1 27 64
28 1 28 65
29 1 29 58
32 1 34 4
35 5 35 73
36 1 36 42
39 1 41 4
42 5 42 18
44 5 44 27
45 1 45 48
47 1 47 66
48 1 48 56
51 1 54 4
55 5 55 39
56 1 56 36
57 1 57 55
60 1 62 4
63 5 63 73
64 1 64 25
65 1 65 57
66 1 66 39
67 1 67 34
70 1 72 4
74 5 74 61
75 1 75 28
76 1 76 36
77 1 77 22
78 1 78 25
80 6 80 59
81 1 81 13
83 5 83 81
84 1 84 28
85 1 85 36
86 1 86 29
87 1 87 26
89 6 89 70
90 1 90 13
93 1 95 4
97 7 97 63
98 1 98 28
99 1 99 47
102 1 104 4
105 5 105 18
106 5 106 15
107 5 107 13
110 1 110 50
111 1 111 64
112 1 112 77
113 1 113 77
116 1 116 79
117 1 117 82
