1 0 42 3
43 0 43 30
44 0 44 65
45 0 45 44
47 0 49 18
49 1 49 18
51 1 53 4
57 24 57 28
58 2 60 5
61 2 64 16
65 23 65 37
66 2 68 5
69 2 72 16
73 25 73 33
74 2 77 5
78 2 80 16
81 44 81 48
82 2 86 5
87 2 89 16
90 25 90 39
91 2 96 5
97 2 99 16
100 37 100 51
101 2 103 5
104 2 106 16
107 37 107 51
108 2 110 5
111 2 113 16
114 34 114 48
115 2 117 5
118 2 120 16
121 46 121 50
122 2 129 5
130 2 132 16
133 49 133 53
134 2 140 5
141 2 143 16
144 39 144 43
145 2 151 5
152 2 154 16
155 42 155 46
156 2 162 5
163 2 165 16
166 43 166 47
167 2 173 5
174 2 176 16
177 27 177 31
178 2 185 5
186 2 186 27
189 1 191 4
195 24 195 39
196 2 199 5
200 2 202 16
204 2 221 5
222 2 224 16
226 2 234 5
235 2 237 16
239 2 242 5
243 2 245 16
247 2 253 5
254 2 256 16
258 2 262 5
263 2 265 16
267 2 274 5
275 2 277 16
279 2 286 5
287 2 289 16
291 2 293 5
294 2 296 16
297 44 297 58
298 2 304 5
305 2 307 16
308 22 308 26
309 2 311 5
312 2 314 16
315 24 315 28
316 2 324 5
325 2 327 16
329 2 331 5
332 2 334 16
339 2 353 5
354 2 356 16
357 22 357 27
358 2 360 5
361 2 363 16
365 2 367 5
368 2 370 16
371 22 371 25
372 2 376 5
377 2 379 16
380 28 380 32
381 2 385 5
386 2 388 16
389 28 389 32
390 2 394 5
395 2 397 16
398 26 398 43
399 2 423 5
424 2 424 27
