1 0 18 3
19 0 19 13
20 0 20 16
21 0 21 16
23 9 23 23
26 1 28 4
29 10 29 20
30 5 30 37
31 3 31 10
34 10 45 1
48 4 48 27
49 9 49 19
51 9 51 24
54 4 54 27
55 9 55 14
57 9 57 31
60 1 63 4
64 6 64 31
66 13 66 21
67 2 67 26
70 7 97 1
99 10 104 1
107 1 111 20
115 1 119 30
123 1 127 30
131 1 135 30
138 8 138 31
141 10 141 20
142 11 142 22
143 12 143 30
144 12 144 33
145 6 145 20
146 2 146 20
149 1 154 4
155 7 155 12
156 18 156 54
157 8 157 41
158 8 158 11
161 1 164 4
165 8 165 77
168 1 182 4
183 4 183 16
184 11 184 29
186 11 186 30
188 10 188 31
189 15 189 36
191 14 191 26
193 7 193 64
194 10 194 75
196 41 196 66
197 22 197 50
198 12 198 40
201 4 201 10
202 2 202 11
204 10 204 18
205 11 205 15
207 5 207 20
209 12 209 14
211 6 211 11
212 13 212 17
214 22 214 60
216 18 216 42
217 12 217 23
218 11 218 21
219 11 219 29
220 9 220 70
222 3 226 4
227 6 227 18
228 20 228 38
231 9 231 15
232 8 232 19
234 6 234 9
235 11 235 14
236 8 236 16
237 12 237 29
238 9 238 15
239 9 239 18
240 9 240 12
243 12 243 32
244 19 244 35
245 9 245 26
246 9 246 15
247 9 247 20
249 3 255 4
257 4 257 10
258 2 258 14
263 1 275 4
276 10 276 36
277 10 277 37
278 25 278 34
279 11 279 21
281 9 281 39
282 9 282 39
284 10 284 17
287 6 287 12
288 7 288 8
291 6 291 8
292 6 292 8
294 4 294 13
295 5 295 13
297 3 297 41
300 3 300 41
302 6 302 8
303 6 303 8
305 15 305 27
307 4 307 31
308 5 308 31
310 3 310 47
313 3 313 47
315 8 315 69
318 15 342 1
345 0 348 2
346 4 346 8
346 12 346 23
346 24 346 25
346 29 346 33
346 37 346 48
346 49 346 50
351 1 354 4
355 4 355 16
356 9 356 11
357 10 357 20
359 10 359 21
360 7 360 26
361 7 361 21
362 11 362 35
364 8 364 14
367 1 383 4
385 20 385 27
386 12 386 28
387 12 387 28
389 5 389 24
390 14 390 23
391 7 391 34
393 14 393 34
393 15 393 22
393 26 393 33
395 14 395 63
397 2 397 40
