1 0 18 3
19 0 19 46
20 0 20 19
21 0 21 22
23 11 23 14
24 7 24 25
25 8 25 22
27 78 27 83
28 1 40 4
41 6 41 37
43 1 46 2
45 3 45 5
45 9 45 26
45 27 45 42
48 13 48 18
49 2 49 18
51 58 51 62
52 1 54 4
55 4 55 26
56 6 56 44
56 14 56 20
58 5 58 30
59 7 59 24
61 7 61 19
63 8 63 62
63 19 63 22
63 26 63 27
63 33 63 35
65 39 65 47
66 1 68 4
69 8 69 20
71 47 71 55
72 1 74 4
75 8 75 37
77 26 77 34
78 1 80 4
81 8 81 24
83 27 83 35
84 1 86 4
87 8 87 45
89 15 97 1
99 39 99 44
100 1 102 4
104 8 104 10
106 10 106 14
107 6 107 24
108 2 108 16
110 7 110 39
112 5 112 22
114 6 114 21
115 4 115 33
116 9 116 22
118 10 118 25
119 9 119 21
121 2 121 17
122 7 122 14
124 5 124 31
125 3 125 13
126 10 126 12
129 4 129 8
130 2 130 12
132 44 132 52
133 8 133 35
136 19 136 29
137 24 137 34
138 2 138 43
141 6 141 16
142 5 142 99
142 18 142 38
142 72 142 91
142 95 142 97
143 1 143 17
144 1 144 20
145 1 145 36
148 5 148 14
150 6 150 23
151 4 151 22
152 2 152 33
154 1 154 18
155 7 155 16
156 11 156 20
157 2 157 20
160 4 160 37
161 7 161 17
163 7 163 34
165 10 165 23
166 5 166 24
167 11 167 13
168 2 168 18
169 1 169 16
172 10 172 20
173 2 173 23
176 7 176 14
177 2 177 29
179 16 179 32
180 5 180 14
181 3 181 29
183 3 183 34
184 3 184 16
185 3 187 4
189 14 189 22
190 5 190 14
191 6 191 10
192 4 192 19
193 3 193 38
196 1 196 20
199 8 199 35
202 8 202 35
205 13 205 23
206 9 206 16
207 5 207 32
208 8 208 12
210 8 210 29
211 7 211 12
212 14 212 27
213 3 213 18
214 3 214 8
218 2 218 16
220 5 220 47
222 12 222 19
223 7 223 16
225 3 225 30
226 6 226 24
227 4 227 35
229 3 229 20
230 9 230 18
231 13 231 22
232 4 232 22
234 3 234 20
235 3 235 34
238 6 238 16
239 8 239 31
240 4 240 19
241 2 241 26
243 1 243 20
244 1 244 38
246 9 260 1
263 16 263 24
264 24 264 31
265 2 265 40
267 79 267 84
268 1 281 4
282 15 282 35
283 2 283 43
284 2 284 20
285 2 285 19
287 84 287 89
288 1 301 4
302 15 302 33
303 2 303 43
304 2 304 20
305 2 305 19
307 82 307 87
308 1 321 4
322 15 322 35
323 2 323 43
324 2 324 20
325 2 325 19
