1 0 3 3
4 0 4 16
5 0 5 11
6 0 6 16
8 0 8 30
9 0 9 29
10 0 10 33
13 0 13 20
14 0 14 36
16 7 16 23
19 1 19 23
20 7 20 36
21 6 21 52
23 8 23 57
24 12 24 48
25 7 25 40
26 9 26 82
28 10 28 49
29 7 29 68
31 8 31 47
34 12 34 85
35 11 35 83
36 10 36 57
37 9 37 88
40 9 40 47
43 9 43 68
46 13 46 20
46 13 46 28
46 24 46 28
47 7 47 36
48 2 48 24
49 9 49 62
51 56 51 58
52 14 52 18
53 14 53 18
55 5 55 24
56 22 56 31
58 22 58 32
60 20 60 30
61 5 61 28
63 16 63 24
64 16 64 46
67 6 67 8
69 4 69 26
70 2 70 46
71 6 71 28
72 2 72 43
73 6 73 37
74 2 74 45
75 6 75 23
76 2 76 40
77 6 77 27
79 32 79 41
80 5 80 18
81 3 85 5
87 3 91 5
92 6 92 20
93 2 96 4
98 2 98 44
100 8 100 10
103 4 103 27
104 9 104 30
106 9 106 31
109 1 112 4
113 6 113 31
115 13 115 21
116 2 116 26
