1 0 3 3
4 0 4 46
5 0 5 16
10 4 10 11
11 2 11 16
12 9 12 10
15 15 15 16
18 6 18 16
19 11 19 15
20 8 20 9
21 8 21 9
22 15 22 20
24 9 24 13
26 24 26 27
27 9 27 28
29 21 29 24
30 9 30 24
33 1 36 4
39 24 39 38
40 19 40 28
41 15 41 20
42 16 42 22
44 14 44 39
45 14 47 14
48 43 48 56
49 2 51 5
52 9 58 3
60 28 60 41
61 2 63 5
65 7 65 31
66 11 66 33
68 9 68 63
70 23 70 43
71 2 74 5
75 9 77 13
79 2 81 5
82 5 82 29
83 20 83 31
86 3 86 17
87 36 87 63
88 8 88 11
89 4 89 15
90 11 90 12
93 5 93 20
94 12 94 48
96 12 96 18
98 9 98 56
101 1 109 4
113 2 127 5
129 5 129 8
130 8 130 17
131 11 131 19
132 9 132 12
134 12 134 14
135 7 135 19
136 12 136 17
139 5 139 33
140 13 140 14
141 11 141 14
147 8 147 15
149 7 149 25
150 3 150 26
151 9 151 12
155 14 155 16
156 16 156 18
159 2 162 5
164 6 164 33
166 13 166 23
167 18 167 46
168 9 168 22
172 16 172 23
173 14 173 68
176 2 178 5
180 2 180 51
181 2 181 88
184 2 186 5
187 9 187 25
190 9 190 26
193 2 195 5
196 9 196 25
199 9 199 23
202 2 202 20
205 2 207 5
209 9 213 3
210 3 210 15
210 19 211 7
211 8 211 32
216 2 218 5
219 21 219 37
220 23 220 34
222 9 222 10
225 2 227 5
229 10 229 28
230 9 230 14
233 1 242 4
243 14 243 22
244 1 244 25
245 1 245 13
248 20 248 30
249 14 249 23
251 20 251 45
252 2 254 5
256 6 256 17
257 8 257 9
258 11 258 19
260 10 260 28
261 12 261 16
262 15 262 34
263 7 263 36
264 5 267 6
270 5 270 16
272 2 272 25
274 8 274 15
276 7 276 26
277 3 277 26
279 9 279 12
281 37 281 40
281 45 281 51
282 2 286 5
288 6 288 38
289 7 289 26
290 2 290 14
293 8 293 23
295 10 295 52
296 7 296 23
297 3 297 31
299 10 299 31
301 29 301 33
302 2 306 5
308 6 308 38
309 7 309 26
310 5 310 28
313 8 313 23
314 5 314 21
315 11 315 19
316 8 316 17
317 6 317 29
323 2 325 5
327 6 327 38
328 7 328 26
329 5 329 28
333 8 333 23
334 5 334 26
338 10 338 18
339 2 339 17
340 7 340 23
341 3 341 31
344 3 344 23
345 10 345 19
