1 0 3 3
4 0 4 14
5 0 5 12
6 0 6 26
8 0 8 26
9 0 9 26
10 0 10 29
11 0 11 35
14 1 14 10
15 1 15 27
16 1 16 27
18 4 18 29
19 9 19 57
21 9 21 44
24 1 36 4
39 20 39 30
40 21 40 32
43 9 43 54
46 13 46 46
47 11 47 31
49 7 49 20
50 1 50 21
51 1 51 11
52 11 52 29
53 5 53 34
54 3 54 8
58 7 58 36
59 11 59 54
60 10 60 69
61 8 61 28
64 1 74 4
75 9 75 45
76 8 76 44
78 22 78 36
79 1 83 4
88 2 91 5
94 5 94 21
95 6 95 27
96 4 96 18
97 3 97 23
100 2 102 5
105 5 105 21
106 3 106 23
108 3 108 73
111 5 111 26
114 2 114 26
116 5 116 26
117 3 117 17
119 21 119 35
120 1 124 4
127 2 127 21
128 2 128 51
131 2 131 26
132 2 132 48
135 2 135 16
137 5 137 26
138 3 138 52
139 2 139 22
142 1 144 4
146 7 146 47
147 7 147 46
149 28 149 31
150 27 150 41
152 9 152 33
153 1 153 34
155 10 155 39
156 1 156 35
158 8 158 18
