1 0 1 36
4 8 4 21
5 8 5 22
6 16 6 33
7 7 7 26
9 11 9 46
10 1 10 32
13 11 13 46
14 1 14 47
17 11 17 47
18 1 18 32
21 8 21 21
22 8 22 22
23 16 23 33
24 7 24 26
26 1 26 19
27 1 27 27
28 1 28 21
30 10 30 21
31 2 31 16
33 10 33 21
34 2 34 24
36 10 36 23
37 2 37 15
39 1 39 44
40 1 40 42
42 1 42 45
43 1 43 43
46 1 46 60
47 1 47 46
48 1 48 57
49 1 49 57
50 1 50 56
51 1 51 60
54 8 54 21
56 6 56 21
57 6 57 19
58 1 58 39
60 6 60 21
61 6 61 19
62 1 62 39
64 6 64 21
65 6 65 21
66 1 66 52
68 6 68 21
69 6 69 19
70 1 70 50
73 6 73 21
74 6 74 20
75 1 75 37
78 6 78 21
79 6 79 20
80 1 80 51
83 9 83 22
84 8 84 18
86 6 86 51
87 1 87 36
88 1 88 33
91 1 91 27
92 1 92 33
93 1 93 33
94 1 94 33
95 1 95 33
96 1 96 27
97 1 97 34
99 10 99 19
100 2 100 34
102 1 102 36
103 1 103 28
104 1 104 35
105 1 105 35
106 1 106 35
107 1 107 36
108 1 108 38
110 6 110 60
111 1 111 34
112 1 112 36
113 1 113 35
114 1 114 34
116 1 116 30
117 1 117 35
118 1 118 35
121 9 121 22
122 8 122 18
124 7 124 61
125 7 125 56
126 5 126 14
128 1 128 43
131 9 131 22
132 8 132 18
134 7 134 50
135 7 135 50
136 5 136 26
137 5 137 39
139 1 139 50
142 9 142 22
143 8 143 18
145 7 145 50
146 7 146 42
147 1 147 62
150 9 150 22
151 8 151 18
153 6 153 51
154 1 154 35
156 6 156 59
157 1 157 39
159 6 159 26
160 1 160 18
162 6 162 27
163 1 163 18
166 1 166 14
167 8 167 18
168 12 168 48
169 10 169 32
170 12 170 32
171 1 171 26
174 1 179 4
180 8 180 22
181 5 181 13
182 6 182 42
183 6 183 42
185 9 185 16
186 9 186 17
187 1 187 22
188 1 188 23
189 1 189 56
190 1 190 57
193 1 198 4
199 8 199 22
200 5 200 13
201 6 201 42
202 6 202 42
203 1 203 23
204 1 204 37
206 9 206 16
207 1 207 26
208 1 208 23
211 1 216 4
218 8 218 22
219 5 219 13
220 6 220 31
221 6 221 19
222 6 222 19
224 9 224 16
225 1 225 22
226 9 226 17
227 1 227 23
229 1 229 33
230 1 230 33
231 1 231 33
232 1 232 29
233 1 233 29
235 1 235 34
236 1 236 30
237 1 237 30
240 1 244 4
246 8 246 22
247 5 247 13
248 6 248 31
250 6 250 19
251 6 251 19
252 6 252 19
254 1 254 38
256 9 256 16
257 1 257 45
259 9 259 17
260 1 260 55
261 1 261 55
263 9 263 16
264 1 264 64
265 1 265 64
266 1 266 64
269 1 273 4
275 8 275 22
276 5 276 13
277 6 277 31
278 6 278 19
279 6 279 19
280 6 280 19
282 1 282 26
283 1 283 28
285 9 285 16
286 9 286 17
287 1 287 32
288 1 288 45
290 9 290 16
291 1 291 54
292 1 292 36
294 1 294 71
297 1 300 4
301 8 301 22
302 5 302 13
303 6 303 14
304 6 304 42
305 6 305 42
306 6 306 42
308 1 310 3
311 1 311 40
312 1 314 3
316 1 316 13
317 1 317 56
