13 2 14 9
13 2 15 9
13 2 15 51
13 9 15 51
14 9 15 51
15 2 15 51
21 2 22 9
21 2 22 42
21 9 22 42
22 2 22 42
28 2 29 9
28 2 29 53
28 9 29 53
29 2 29 53
35 2 36 9
35 2 37 9
35 2 37 55
35 9 37 55
36 9 37 55
37 2 37 55
43 2 44 9
43 2 45 9
43 2 45 50
43 9 45 50
44 9 45 50
45 2 45 50
51 2 52 22
51 2 53 20
51 2 54 20
51 2 55 20
51 2 55 22
51 22 55 22
52 22 55 22
53 20 55 22
54 20 55 22
55 2 55 22
60 26 60 32
60 26 60 36
70 1 83 2
74 4 75 18
74 4 76 9
74 4 76 10
75 12 75 13
76 4 76 10
78 19 78 19
82 2 82 19
87 1 170 2
88 22 88 30
90 3 90 66
92 3 92 54
98 2 98 2
103 3 163 8
104 3 163 8
106 8 106 35
107 5 107 35
108 9 109 36
108 13 108 41
109 5 109 36
111 3 111 8
113 3 163 8
114 3 163 8
116 8 116 33
117 5 117 33
118 9 121 34
118 13 118 37
119 5 119 32
120 9 121 34
120 13 120 39
121 5 121 34
123 3 123 8
125 3 163 8
128 8 128 21
128 8 128 57
128 25 128 57
128 26 128 39
128 43 128 56
129 4 138 5
132 9 132 36
133 6 133 38
134 10 137 40
134 14 134 43
135 6 135 40
136 10 137 40
136 14 136 43
137 6 137 40
141 3 163 8
142 8 142 29
143 5 143 29
144 3 144 8
146 3 163 8
147 8 147 30
148 5 148 30
149 3 149 8
151 3 163 8
152 8 152 37
153 5 153 37
154 3 154 8
156 3 163 8
157 8 157 31
158 5 158 39
159 3 159 8
161 3 162 31
163 3 163 8
166 2 166 29
233 33 233 47
234 24 234 59
236 29 236 53
237 28 237 55
238 27 238 55
239 30 239 61
240 29 240 64
241 34 241 69
243 33 243 59
244 32 244 57
245 33 245 59
246 38 246 69
247 34 247 61
248 38 248 69
