5 57 7 2
15 1 15 61
15 28 15 53
15 54 17 2
16 55 18 2
17 32 17 86
18 29 18 79
19 1 19 61
19 60 21 2
20 29 20 41
20 43 22 2
21 1 27 2
21 35 21 63
21 57 24 2
22 30 22 43
22 59 24 2
23 1 23 61
23 80 27 2
24 1 26 2
24 38 24 49
24 50 29 2
27 1 27 61
27 78 31 2
29 57 32 2
30 56 37 2
30 61 33 2
31 1 31 61
31 2 31 76
31 22 31 36
31 67 36 2
32 26 32 65
32 62 37 2
33 25 39 12
33 28 39 2
34 1 36 2
34 17 34 23
34 18 34 22
34 24 38 3
34 63 36 2
35 1 35 61
35 61 38 2
38 35 41 2
39 1 39 61
39 2 39 30
39 2 39 63
39 9 39 10
39 34 39 63
39 59 41 2
40 2 40 94
40 27 40 56
40 27 40 57
40 68 42 2
41 64 43 2
42 60 45 2
43 1 43 61
43 66 48 2
44 2 44 70
45 66 51 2
46 1 51 2
46 1 62 2
47 1 47 61
47 61 49 2
51 1 51 61
54 57 56 2
55 1 55 61
55 56 64 2
57 1 62 2
59 1 59 61
59 71 65 2
62 71 64 2
63 1 63 61
63 1 66 2
64 55 70 2
68 31 68 33
70 1 71 76
70 1 75 2
73 1 97 2
74 17 74 17
75 1 76 76
76 3 77 21
76 8 76 8
78 3 78 8
79 3 80 19
79 8 79 8
80 1 81 76
81 3 81 8
83 3 93 8
83 8 83 8
84 3 93 8
84 8 84 8
85 1 86 76
85 3 93 8
85 8 85 8
86 3 93 8
86 8 86 8
87 3 88 19
87 8 87 8
89 3 89 8
89 61 91 2
90 1 91 76
91 3 92 19
93 3 93 8
94 64 96 2
95 1 96 76
96 2 96 20
99 63 101 2
100 1 101 76
104 65 106 2
105 1 106 76
109 68 111 2
110 1 111 76
114 64 116 2
115 1 116 76
117 1 121 2
118 3 118 35
119 68 121 2
120 1 121 76
122 43 125 2
125 1 126 76
125 1 129 2
130 1 131 76
131 1 137 2
134 1 138 2
135 1 136 76
135 1 164 2
140 2 164 2
143 1 143 62
143 1 147 2
143 6 143 11
144 2 161 3
145 11 145 11
147 1 147 62
150 4 159 9
150 9 150 9
151 1 151 62
151 4 159 9
151 9 151 9
152 1 156 2
152 5 152 5
153 4 158 14
155 1 155 62
157 5 157 5
159 1 159 62
159 4 159 9
161 1 165 2
163 1 163 62
163 2 163 11
163 41 167 12
163 44 167 2
166 6 166 23
166 25 166 39
167 1 167 62
167 10 167 11
168 1 197 2
169 35 172 12
169 38 172 2
170 1 174 2
171 1 171 62
172 10 172 11
173 2 197 2
175 1 175 62
176 6 176 11
177 2 194 3
178 11 178 11
179 1 179 62
179 1 183 2
183 1 183 62
183 4 192 9
183 9 183 9
184 4 192 9
184 9 184 9
184 62 187 2
185 5 185 5
186 4 191 14
187 1 187 62
187 1 193 2
188 1 192 2
189 66 192 2
190 5 190 5
191 1 191 62
192 4 192 9
194 77 196 2
195 1 195 71
196 1 200 2
196 2 196 11
197 1 216 2
197 67 199 2
201 1 231 2
202 1 202 61
203 72 205 2
204 1 208 2
206 1 206 61
206 2 231 2
209 6 209 7
210 1 210 61
210 2 228 3
211 10 211 10
211 61 213 2
212 1 216 2
213 4 226 9
213 9 213 9
214 1 214 61
214 4 226 9
214 9 214 9
215 5 215 5
218 1 218 61
218 1 221 2
218 63 220 2
220 1 224 2
220 1 226 2
221 4 221 9
223 4 225 14
224 5 224 5
225 1 225 60
225 60 227 2
226 4 226 9
228 1 231 2
228 1 232 2
229 1 229 60
230 2 230 11
233 1 233 60
236 1 240 2
237 1 237 60
241 1 241 60
242 1 303 2
244 1 248 2
246 59 251 2
248 1 248 51
252 1 252 51
253 62 259 2
256 1 256 51
260 1 260 51
261 50 266 2
264 1 264 51
268 1 268 51
272 1 272 51
276 1 276 51
279 61 281 2
280 1 280 51
284 1 284 51
288 1 288 51
291 1 306 2
292 1 292 51
296 1 296 51
300 1 300 75
307 1 307 51
307 1 313 2
311 1 311 51
315 1 315 51
315 1 325 2
316 50 328 2
319 1 319 51
322 1 324 2
323 1 323 51
323 1 365 2
327 1 327 51
327 1 329 2
327 2 365 2
330 6 330 12
331 1 331 51
331 2 342 3
332 11 332 11
334 4 340 9
334 9 334 9
335 1 335 51
335 4 340 9
335 9 335 9
335 51 337 2
336 1 352 2
336 5 336 5
337 4 339 14
338 5 338 5
339 1 339 51
340 4 340 9
343 1 343 51
345 2 365 2
346 48 350 2
347 1 347 51
349 7 349 18
350 3 353 4
351 1 351 51
351 4 351 4
355 1 355 51
355 19 365 2
356 1 365 2
356 7 356 19
357 3 360 4
358 4 358 4
359 1 359 75
360 1 376 2
363 1 363 51
363 2 364 11
368 64 370 2
369 1 425 2
370 1 370 52
373 2 425 2
374 1 374 52
376 6 376 12
377 2 392 3
378 1 378 52
379 67 419 2
382 1 382 52
382 7 382 12
382 7 382 44
382 16 382 44
382 36 382 36
383 3 389 4
386 1 386 52
390 1 390 52
391 4 391 12
393 1 395 2
394 1 394 52
394 2 422 3
397 11 397 11
398 1 398 52
399 4 420 9
399 9 399 9
400 4 420 9
400 9 400 9
402 1 402 52
406 1 406 52
406 6 407 22
407 7 407 7
407 24 408 11
410 1 410 52
410 6 412 11
411 7 411 7
411 22 412 11
414 1 414 52
414 4 420 9
414 9 414 9
415 5 415 5
415 20 420 9
417 4 419 14
418 1 418 61
418 5 418 5
420 4 420 9
422 1 422 52
424 2 424 11
425 66 427 2
429 1 429 52
431 1 454 2
432 66 440 2
433 1 433 52
436 2 454 2
437 1 437 52
439 6 439 7
440 2 451 3
441 1 441 52
441 11 441 11
443 4 449 9
443 9 443 9
444 4 449 9
444 9 444 9
445 1 445 52
445 5 445 5
446 4 448 14
447 5 447 5
449 1 449 52
449 4 449 9
453 1 453 52
453 2 453 11
457 1 457 52
461 1 461 52
462 1 499 2
465 1 465 52
469 1 469 52
473 1 473 52
477 1 477 61
481 1 481 52
483 18 483 18
483 30 483 30
486 1 486 52
491 18 491 18
491 30 491 30
493 1 493 75
497 1 497 62
501 1 501 61
503 1 521 2
505 1 505 52
509 1 509 52
513 1 513 52
517 1 517 51
521 1 521 52
525 1 525 52
525 1 529 2
527 2 527 2
529 1 529 51
533 1 533 51
533 1 537 2
535 2 535 2
537 1 537 51
541 72 543 2
542 2 565 3
543 1 543 45
547 1 547 45
547 3 565 3
550 7 550 8
551 1 551 45
551 3 562 4
552 12 552 12
554 5 560 10
554 10 554 10
555 5 560 10
555 10 555 10
556 6 556 6
557 5 559 15
558 6 558 6
560 5 560 10
564 3 564 12
572 1 595 2
577 2 595 2
580 6 580 7
581 2 592 3
582 11 582 11
584 4 590 9
584 9 584 9
585 4 590 9
585 9 585 9
586 5 586 5
587 4 589 14
588 5 588 5
590 4 590 9
594 2 594 11
613 1 764 2
619 6 619 16
620 2 626 3
628 2 726 3
634 7 634 16
635 3 663 4
638 8 638 20
639 4 656 5
642 6 654 11
643 6 644 13
645 6 645 11
647 6 653 13
654 6 654 11
660 4 663 4
661 16 661 16
664 50 669 2
665 3 693 4
670 8 670 20
671 4 688 5
674 6 686 11
675 6 676 13
677 6 677 11
679 6 685 13
686 6 686 11
690 4 693 4
691 16 691 16
691 50 696 2
695 28 726 3
697 7 697 19
698 3 725 4
701 5 723 10
704 7 717 12
706 7 715 12
713 8 713 8
716 7 717 12
719 5 719 10
721 5 723 10
728 2 764 2
728 6 728 21
729 2 734 3
736 2 759 3
740 3 759 3
743 7 743 12
744 3 758 4
745 12 745 12
747 5 756 10
747 10 747 10
748 6 748 6
749 5 749 10
751 5 756 10
751 10 751 10
752 5 756 10
752 10 752 10
753 5 756 10
755 6 755 6
769 1 843 2
774 2 843 2
775 10 775 10
777 2 843 2
780 6 780 12
781 2 809 3
788 7 788 15
789 3 808 4
795 1 844 2
795 8 795 9
796 4 802 5
804 4 807 5
811 2 840 3
812 11 812 11
814 4 815 20
814 9 814 9
815 5 815 5
816 4 816 9
818 4 838 9
818 9 818 9
819 4 825 20
819 9 819 9
824 5 824 5
826 4 826 9
828 4 838 9
828 9 828 9
829 4 838 9
829 9 829 9
831 5 831 5
832 4 838 9
832 9 832 9
834 4 837 25
836 5 836 5
838 4 838 9
842 2 842 17
847 1 916 2
852 2 916 2
858 19 858 19
860 2 916 2
863 6 863 12
864 2 878 3
876 7 876 15
877 4 877 21
880 2 913 3
881 11 881 11
883 4 884 20
883 9 883 9
884 5 884 5
885 4 885 9
887 4 911 9
887 9 887 9
888 4 894 20
888 9 888 9
893 5 893 5
895 4 895 9
897 4 911 9
897 9 897 9
898 4 911 9
898 9 898 9
902 5 902 5
903 1 919 2
903 4 911 9
903 9 903 9
907 4 910 25
909 5 909 5
911 4 911 9
915 2 915 17
920 1 983 2
929 2 983 2
930 6 930 22
931 2 937 3
939 2 983 2
944 2 983 2
947 6 947 12
948 2 959 3
957 7 957 19
958 4 958 21
961 2 979 3
962 11 962 11
964 4 965 20
964 9 964 9
965 5 965 5
966 4 968 20
966 9 966 9
969 4 969 9
971 4 977 9
971 9 971 9
972 5 972 5
973 4 976 25
974 5 974 5
977 4 977 9
981 2 982 17
987 1 1050 2
997 2 1050 2
998 6 998 22
999 2 1005 3
1007 2 1050 2
1012 2 1050 2
1015 6 1015 12
1016 2 1026 3
1024 7 1024 19
1025 4 1025 21
1028 2 1046 3
1029 11 1029 11
1030 1 1034 2
1031 4 1032 20
1031 9 1031 9
1032 5 1032 5
1033 4 1035 20
1033 9 1033 9
1036 4 1036 9
1038 4 1044 9
1038 9 1038 9
1039 5 1039 5
1040 1 1044 2
1040 4 1043 25
1041 5 1041 5
1044 4 1044 9
1048 2 1049 17
1057 1 1060 2
1063 1 1066 2
1063 1 1086 2
1064 6 1064 27
1065 3 1065 12
1067 2 1086 2
1067 6 1067 26
1068 2 1072 3
1069 3 1069 3
1069 11 1069 11
1070 3 1070 3
1074 2 1086 2
1074 6 1074 23
1075 3 1075 12
1077 2 1086 2
1077 6 1077 24
1078 3 1078 12
1080 2 1082 11
1084 2 1085 11
1090 1 1107 2
1094 6 1094 27
1095 3 1095 12
1097 2 1107 2
1097 6 1097 24
1098 3 1098 12
1100 2 1107 2
1100 6 1100 61
1101 3 1101 12
1103 2 1103 11
1105 2 1106 11
1111 1 1131 2
1115 6 1115 27
1116 3 1116 12
1118 2 1131 2
1118 6 1118 23
1119 3 1119 12
1121 2 1131 2
1121 6 1121 24
1122 3 1122 12
1124 2 1131 2
1124 6 1124 62
1125 3 1125 12
1127 2 1127 11
1129 2 1130 11
1234 1 1247 2
1251 46 1253 2
1261 51 1263 2
