1 0 6 3
7 0 7 26
10 9 16 1
17 8 23 1
30 19 30 35
31 4 31 18
32 9 32 25
34 4 34 14
35 12 35 18
37 12 37 17
40 8 40 20
41 4 41 21
42 13 42 21
43 6 43 19
46 8 46 31
49 6 49 28
50 6 50 27
51 6 51 13
53 21 53 80
54 21 54 79
55 21 55 78
57 11 57 33
59 8 65 2
68 11 68 38
69 5 69 30
71 4 71 27
73 9 73 27
74 22 74 89
75 22 75 83
76 22 76 82
78 9 84 3
87 9 93 3
96 5 96 32
97 6 97 43
99 7 99 28
100 4 100 28
101 9 103 3
105 20 105 97
106 9 108 3
111 1 113 4
114 10 114 37
115 10 115 37
116 1 116 18
117 1 117 23
118 1 118 18
119 4 119 26
120 2 120 24
121 2 121 56
123 3 123 26
124 1 124 11
125 1 125 35
126 1 126 22
127 10 127 25
128 10 128 22
130 7 130 19
131 10 131 16
132 7 132 37
133 7 133 87
134 2 134 62
