1 0 1 9
2 0 2 20
3 0 3 25
7 6 7 33
9 6 9 17
10 18 10 39
11 12 11 38
12 12 12 38
13 12 13 37
14 3 14 43
15 3 15 41
17 12 17 37
18 3 18 43
19 3 19 41
21 8 21 25
21 27 21 44
22 4 22 38
24 3 24 45
25 3 25 45
26 3 26 45
27 3 27 45
30 4 30 46
31 4 31 46
32 4 32 46
33 4 33 46
35 3 35 44
36 3 36 44
37 3 37 44
38 3 38 44
39 1 39 33
43 6 43 33
45 6 45 17
46 18 46 39
47 9 47 38
48 12 48 36
49 3 49 43
50 3 50 41
52 12 52 36
53 3 53 43
54 3 54 41
56 8 56 25
56 27 56 44
57 4 57 38
59 3 59 45
60 3 60 45
61 3 61 45
62 3 62 45
65 4 65 46
66 4 66 46
67 4 67 46
68 4 68 46
70 3 70 44
71 3 71 44
72 3 72 44
73 3 73 44
