28 1 41 2
33 6 33 12
34 2 37 3
36 10 36 10
38 2 40 33
45 1 71 2
50 6 50 21
51 2 53 3
52 10 52 10
55 2 70 13
56 9 56 22
57 2 60 3
63 9 63 22
64 2 67 3
75 1 79 2
77 14 77 14
83 1 102 2
166 1 171 2
170 9 170 20
170 16 170 16
170 23 170 25
170 28 170 29
178 1 200 2
185 2 185 2
193 2 200 2
195 7 195 49
195 44 195 44
196 3 198 4
320 1 337 2
325 6 325 22
326 3 326 15
326 10 326 10
328 2 336 16
330 6 330 23
330 6 330 44
330 27 330 44
331 3 331 26
348 1 375 2
351 2 351 2
351 20 368 19
352 2 368 19
353 30 353 30
355 7 355 17
356 3 359 4
361 3 368 19
361 26 361 26
361 45 361 45
362 7 362 17
363 3 366 4
368 2 368 2
368 19 370 15
368 19 372 12
368 19 375 2
370 10 370 10
374 16 374 16
412 2 441 3
418 7 418 92
419 4 419 16
421 3 441 3
421 7 421 17
422 4 422 14
424 7 424 16
425 4 425 70
429 9 429 14
433 7 433 13
434 3 438 4
440 20 441 3
443 1 443 1
444 1 444 1
445 1 445 1
446 1 446 1
447 1 447 1
448 1 448 1
459 1 476 2
460 6 460 28
460 24 460 24
461 2 464 3
466 2 476 2
469 6 469 44
470 2 473 3
472 10 472 10
475 16 475 16
499 19 499 29
501 2 505 15
501 4 505 15
502 4 505 15
503 4 505 15
504 4 505 15
505 2 505 15
540 1 582 2
541 16 541 16
541 34 541 34
544 3 548 55
544 7 544 53
544 40 544 46
545 4 545 14
546 12 548 55
547 7 547 69
547 34 547 35
547 52 547 58
548 4 548 55
549 15 582 2
552 2 582 2
552 6 552 80
553 3 553 13
554 2 582 2
554 6 554 68
555 3 555 13
557 2 582 2
557 6 557 79
558 3 558 13
560 2 582 2
560 56 560 56
561 6 561 19
561 15 561 15
562 3 562 13
564 2 582 2
564 6 564 49
565 3 565 13
567 2 582 2
567 54 567 54
568 6 568 23
568 19 568 19
569 3 569 13
571 2 582 2
571 6 571 58
572 3 572 13
574 2 574 11
576 2 580 13
