1 0 4 3
5 0 5 13
6 0 6 16
9 1 11 4
12 13 12 15
14 15 14 26
15 16 15 25
16 19 16 34
19 2 21 5
23 9 23 18
23 9 23 37
23 23 23 37
26 2 28 5
30 9 30 18
30 9 30 34
30 23 30 34
33 2 35 5
37 9 37 22
37 9 39 13
37 27 39 13
41 9 41 30
44 18 61 1
62 25 62 50
65 1 67 4
68 13 68 15
70 17 72 13
74 2 76 5
78 9 78 45
82 2 84 5
86 9 86 45
90 2 92 5
94 9 96 10
98 2 100 5
101 9 101 16
102 11 102 20
106 2 108 5
110 9 110 16
113 2 116 5
118 5 118 33
119 10 119 59
121 10 121 52
124 6 124 14
125 6 125 29
126 6 126 19
127 6 127 25
129 9 129 59
132 9 132 57
136 2 140 5
141 9 141 53
144 1 152 4
153 13 153 15
155 10 162 10
163 23 163 26
164 2 166 5
167 9 167 16
170 22 170 28
171 2 173 5
174 9 174 16
177 19 177 26
178 2 182 5
183 9 183 16
186 22 186 25
187 2 190 5
191 9 191 16
194 2 197 5
198 9 198 79
201 6 201 14
202 6 202 29
204 9 206 13
208 5 208 18
209 10 209 34
211 9 211 55
213 63 213 96
214 1 221 4
223 8 223 26
224 4 224 13
225 9 225 26
227 8 227 32
228 10 228 38
230 14 230 55
231 4 231 14
232 5 232 18
233 10 233 33
234 13 234 44
237 5 237 17
239 6 239 19
240 11 240 34
241 14 241 45
244 14 244 60
246 8 246 16
