1 0 9 3
10 0 10 9
11 0 11 14
12 0 12 16
13 0 13 18
14 0 14 22
17 1 24 4
27 2 34 5
35 14 35 16
37 9 37 17
42 3 44 6
45 10 45 17
49 3 51 6
52 10 52 17
56 3 58 6
59 10 59 17
63 3 66 6
67 10 67 28
70 10 70 28
73 10 77 4
75 4 75 7
75 11 75 35
75 36 75 39
80 10 80 86
83 10 83 34
86 10 86 24
89 3 91 6
92 10 92 50
96 3 98 6
99 10 105 4
103 5 103 10
103 14 103 29
103 35 103 40
107 1 107 34
110 21 110 32
111 17 111 24
112 17 112 24
113 15 113 20
114 14 114 18
117 9 122 3
124 1 124 14
125 31 125 44
126 2 135 5
136 8 136 41
138 7 138 24
139 9 139 19
140 7 140 19
141 9 141 10
143 40 143 53
144 2 156 5
157 17 157 52
158 16 158 46
160 10 160 52
161 9 161 47
163 9 163 25
164 1 164 11
167 2 178 5
179 11 179 25
180 9 180 37
183 2 197 5
198 6 198 26
200 15 200 27
202 5 202 26
204 10 204 23
205 9 207 13
210 7 210 56
213 32 213 35
215 23 215 54
216 22 216 60
218 12 218 22
220 9 220 79
224 9 228 3
232 5 232 12
233 8 233 38
235 5 235 12
236 8 236 22
238 9 238 32
240 9 240 39
