1 0 3 3
4 0 4 43
11 9 11 25
14 9 14 25
23 12 23 14
26 12 26 14
29 12 29 34
32 1 32 37
33 1 33 38
36 1 38 4
39 12 39 34
40 15 40 26
41 15 41 26
43 1 43 52
44 1 44 52
47 1 49 4
50 1 50 29
51 10 51 15
52 12 52 35
54 13 54 25
55 13 55 25
57 15 57 26
58 15 58 26
60 1 60 23
61 1 61 37
62 1 62 23
65 1 67 4
68 10 68 15
69 12 69 35
71 13 71 25
72 13 72 25
74 15 74 26
75 15 75 26
77 1 77 12
78 1 78 29
79 1 79 37
82 1 84 4
85 10 85 15
86 12 86 35
87 9 87 14
91 13 91 35
92 13 92 35
94 15 94 26
95 15 95 26
97 1 97 18
98 1 98 29
99 1 99 20
100 1 100 12
102 1 102 37
103 1 103 28
104 1 104 18
105 1 105 28
106 1 106 27
