1 0 3 3
4 0 4 13
6 0 6 22
8 17 8 33
9 16 9 26
11 0 13 10
15 1 17 4
18 1 18 22
19 1 19 20
20 1 20 21
21 1 21 35
22 1 22 20
25 1 27 4
28 12 28 30
29 12 29 30
30 10 30 26
31 8 31 22
32 12 32 28
33 8 33 26
34 11 34 32
36 18 40 2
42 9 42 29
43 1 46 3
48 8 48 22
51 1 53 4
55 15 55 39
56 19 56 54
58 2 58 39
60 8 60 19
62 6 82 1
83 4 86 1
89 1 89 11
90 5 90 28
91 4 91 11
96 5 96 44
97 1 97 85
98 1 98 58
100 1 100 80
102 1 102 82
103 1 103 58
104 1 104 23
105 1 105 19
107 3 107 26
108 1 108 21
109 1 109 23
111 9 111 11
113 10 113 13
115 2 115 27
116 2 116 29
117 1 117 14
