1 0 1 16
2 0 2 35
5 14 5 45
8 10 8 20
9 6 9 15
10 7 10 29
11 3 11 24
13 7 13 29
14 3 14 24
17 1 19 4
20 1 20 55
21 1 21 57
22 1 22 57
24 1 24 55
25 1 25 54
27 1 27 59
30 6 30 25
31 8 31 25
33 1 33 16
36 1 36 64
37 1 37 86
40 8 40 40
41 6 41 36
42 1 42 37
44 1 44 21
45 6 45 37
46 1 46 22
47 6 47 32
48 1 48 31
50 6 50 45
51 1 51 47
53 6 53 57
54 1 54 61
57 9 69 2
71 9 81 2
82 1 82 41
85 9 101 2
103 1 103 71
106 6 106 32
107 5 107 36
108 5 108 30
109 1 109 17
112 10 112 34
113 6 113 37
114 7 117 23
118 1 118 15
119 1 119 32
120 1 120 33
121 1 121 40
124 10 124 22
125 8 125 34
126 5 126 52
127 1 127 39
128 1 128 15
130 15 138 1
141 25 141 37
142 7 142 35
143 5 143 16
144 3 144 31
146 3 146 31
149 6 149 52
150 1 150 31
151 1 151 38
152 1 152 37
153 1 153 39
154 1 154 51
157 5 157 44
158 5 158 75
160 1 160 19
161 1 161 19
164 5 164 44
165 1 165 12
166 1 166 19
171 5 171 57
172 1 172 12
173 5 173 78
174 1 174 12
175 5 175 78
176 1 176 13
179 18 181 2
182 19 184 2
185 1 185 39
187 16 189 2
190 17 192 2
193 1 193 35
196 6 196 59
197 1 197 35
198 1 198 41
199 1 199 48
200 1 200 39
202 1 202 36
203 1 203 37
204 1 204 31
205 1 205 40
208 6 208 59
209 1 209 92
210 1 210 93
211 1 211 91
214 6 214 58
215 5 215 23
216 1 216 13
219 11 235 2
237 20 237 27
238 24 238 29
239 12 239 29
240 3 240 24
243 7 243 53
244 7 244 53
245 1 245 51
246 1 246 52
249 6 249 52
250 1 250 67
253 8 253 27
254 1 254 43
255 6 255 52
256 1 256 42
258 6 258 58
259 24 259 46
260 1 260 15
261 1 261 18
262 1 262 17
265 1 268 4
270 7 270 25
271 7 271 36
272 7 272 44
273 9 273 11
274 6 274 52
275 1 275 59
276 6 276 52
277 1 277 59
278 6 278 52
279 1 279 59
280 6 280 52
281 1 281 59
284 14 284 60
285 6 285 33
286 1 286 22
287 1 287 28
290 7 290 24
291 7 291 26
292 7 292 29
293 7 293 21
294 6 294 22
295 5 295 14
296 10 296 14
297 10 297 14
298 10 298 14
299 10 299 14
300 9 300 12
301 1 301 17
304 7 304 49
305 1 305 47
306 1 306 43
309 5 309 21
310 6 310 42
311 1 311 58
312 1 312 60
315 1 315 54
317 1 317 35
318 1 318 37
320 1 320 36
321 1 321 39
323 1 323 38
324 1 324 38
327 1 327 54
329 6 329 52
330 1 330 31
331 1 331 33
333 1 333 32
334 1 334 32
337 1 337 67
338 1 338 83
340 8 340 21
341 1 341 80
342 1 342 96
344 1 344 61
345 1 345 74
346 1 346 84
