1 0 3 3
4 0 4 38
6 17 6 35
7 8 7 48
10 1 12 4
13 1 13 69
16 1 19 4
20 10 20 27
21 10 21 37
22 10 22 46
23 2 23 17
24 13 24 24
25 2 25 60
28 1 30 4
32 7 32 54
33 1 33 43
35 7 35 62
36 1 36 43
38 7 38 70
39 1 39 43
42 1 44 4
46 7 46 62
47 1 47 27
48 1 48 50
51 1 53 4
54 1 54 28
56 7 66 3
68 5 68 25
69 11 69 30
71 1 71 31
72 1 72 21
73 10 73 12
74 1 74 68
77 1 79 4
80 1 80 28
82 7 96 3
98 5 98 25
99 11 99 30
101 1 101 31
102 1 102 39
103 1 103 44
104 1 104 47
105 1 105 54
108 1 113 4
114 1 114 28
116 7 126 3
129 5 129 25
130 11 130 30
131 1 131 41
132 1 132 33
135 1 135 21
136 1 136 61
138 13 143 3
144 1 144 63
147 1 149 4
151 5 151 53
152 1 152 15
154 10 154 30
155 6 155 70
156 2 156 41
158 10 158 30
159 6 159 70
160 2 160 41
162 10 162 30
163 6 163 70
164 2 164 41
167 1 169 4
170 7 170 27
171 1 171 42
