1 0 7 3
8 0 8 13
9 0 9 16
10 0 10 16
11 0 11 14
13 0 13 18
14 0 14 19
16 15 16 27
17 1 19 4
22 2 22 26
27 26 27 30
28 9 28 24
28 9 28 44
28 28 28 44
30 55 30 69
31 2 37 5
39 2 39 31
41 19 41 41
42 13 42 33
44 8 44 46
45 11 45 17
46 3 46 14
47 2 47 15
49 15 49 18
50 11 50 27
51 3 51 26
52 16 52 17
54 9 54 12
57 2 59 5
60 2 60 35
63 2 65 5
67 10 67 26
68 5 68 23
69 3 69 22
72 5 72 22
73 3 73 28
77 2 79 5
80 2 80 26
81 2 81 40
84 5 84 26
87 2 87 26
88 2 88 21
90 18 90 32
91 1 93 4
96 20 96 28
97 18 97 24
98 30 98 32
102 17 102 75
105 2 105 27
108 2 108 16
114 7 114 32
115 19 115 27
116 2 116 19
117 5 117 24
118 3 118 31
121 2 123 5
124 18 124 24
127 2 130 5
131 9 131 28
134 2 134 46
138 7 138 32
139 30 139 32
140 9 140 11
143 2 148 5
150 11 150 31
151 28 151 39
153 23 153 35
155 7 155 9
156 8 156 17
157 18 157 24
158 16 158 27
159 3 159 23
160 3 160 37
162 9 162 21
165 2 170 5
173 9 173 29
176 2 181 5
183 10 183 32
184 28 184 36
185 23 185 35
187 11 187 47
188 3 188 14
189 3 189 32
191 16 191 28
192 1 195 4
198 2 198 6
201 22 201 24
202 19 202 21
210 2 212 5
213 7 213 14
214 16 214 18
215 41 215 45
216 2 216 42
217 9 217 11
221 2 223 5
224 7 224 14
225 9 225 30
228 2 228 30
229 2 229 18
232 2 235 5
236 13 236 30
237 13 237 34
239 21 239 28
240 21 240 25
241 3 241 18
243 9 243 13
246 2 249 5
250 35 250 46
251 2 251 36
253 9 253 13
260 2 263 5
266 35 266 46
267 2 267 36
269 8 269 10
270 10 270 12
271 11 271 25
272 12 272 32
273 3 273 17
274 3 274 19
276 2 276 32
277 2 277 15
278 23 278 48
279 2 279 23
280 2 280 29
282 27 282 51
283 2 283 25
285 2 285 35
286 22 286 46
287 2 287 23
288 2 288 31
289 15 289 20
291 9 291 12
294 2 296 5
298 29 298 31
299 8 299 26
300 2 300 30
301 13 301 33
302 2 302 24
303 2 303 24
304 2 304 31
305 2 305 31
308 2 310 5
311 2 311 30
314 6 314 33
315 2 315 27
316 9 316 37
317 9 317 35
320 11 320 25
321 10 321 11
322 6 322 17
323 11 323 34
325 2 325 26
328 2 328 41
331 2 333 5
334 2 334 44
336 16 336 28
337 1 339 4
343 19 343 25
344 20 344 27
347 5 347 34
348 3 348 38
349 3 349 23
352 8 352 50
353 9 353 59
356 2 359 5
361 5 361 26
362 6 362 31
363 23 363 29
365 24 365 30
367 3 367 28
370 2 372 5
373 8 373 34
374 11 374 34
375 13 375 33
376 14 376 28
378 12 378 18
379 7 379 17
380 10 380 39
381 10 381 19
382 3 382 17
383 8 383 15
384 3 384 24
387 2 387 6
391 5 391 21
392 3 392 28
396 9 396 36
399 5 399 26
402 2 402 26
403 14 403 29
404 3 404 19
406 2 406 27
408 18 408 30
409 1 411 4
414 22 414 30
418 2 420 5
421 14 421 34
422 14 422 31
424 19 424 25
425 35 425 41
426 8 426 41
427 6 427 11
428 4 428 23
429 10 429 37
430 3 430 18
433 9 433 43
434 3 434 34
441 5 441 21
442 3 442 28
445 5 445 26
448 2 448 26
449 2 449 27
452 1 454 4
456 10 456 25
457 7 457 17
458 8 458 23
459 2 459 20
460 2 460 48
