1 0 3 3
4 0 4 9
5 0 5 16
7 0 7 33
9 0 9 29
10 0 10 44
12 0 12 39
13 0 13 35
14 0 14 31
15 0 15 43
16 0 16 28
18 0 18 28
20 0 20 22
22 9 26 1
30 11 30 19
31 11 31 30
32 1 32 22
33 20 33 25
35 13 35 20
36 5 36 42
37 10 37 20
40 5 40 21
41 10 41 19
43 10 43 31
45 5 45 21
48 3 48 33
50 3 50 26
51 6 51 14
52 14 52 18
55 19 55 26
58 1 60 4
61 11 61 16
62 14 62 16
63 13 63 15
64 11 64 13
69 18 69 61
70 5 70 41
72 3 72 11
76 5 76 38
79 6 79 21
80 4 80 8
81 6 81 28
82 25 82 42
83 8 83 27
84 15 84 32
85 8 85 31
86 11 86 34
88 8 88 17
89 7 89 13
91 13 91 45
93 13 93 49
94 8 94 22
96 17 96 48
99 11 99 22
100 7 100 8
101 10 101 14
102 9 102 42
103 18 103 24
105 3 105 11
107 6 107 27
108 25 108 61
110 25 110 60
111 4 114 6
115 4 115 12
118 5 118 27
119 24 119 42
120 23 120 32
121 7 121 30
122 29 122 62
123 6 123 29
124 19 124 22
126 6 126 25
127 30 127 39
129 31 129 83
130 7 130 26
131 13 131 36
134 3 134 7
136 8 141 2
145 10 145 31
146 2 146 29
151 10 151 38
152 6 152 15
153 6 153 15
154 14 154 23
155 3 155 21
158 10 158 23
159 18 159 27
163 7 163 9
166 16 166 64
169 7 169 61
171 10 171 19
172 12 172 32
173 16 173 32
174 5 174 39
175 3 175 11
178 30 178 62
180 7 180 62
182 18 182 40
183 16 183 36
184 18 184 22
186 2 186 31
187 14 187 16
189 8 189 11
192 1 192 36
194 12 194 14
196 20 196 25
197 36 197 42
198 11 198 37
199 18 199 52
201 8 201 16
204 9 204 54
205 5 205 24
207 1 207 28
208 1 208 41
209 4 209 21
210 2 210 36
212 4 212 32
213 24 213 87
215 4 215 23
216 25 216 52
217 3 217 37
219 8 219 9
223 10 223 12
224 19 224 43
225 8 225 53
226 2 226 20
228 11 231 2
233 11 233 50
234 29 234 49
236 8 236 43
237 7 237 9
238 14 238 28
239 6 239 61
240 2 240 18
241 2 241 15
243 9 243 29
246 8 246 47
249 11 254 2
256 13 256 49
257 28 257 65
259 8 259 15
261 36 261 48
262 11 262 64
263 11 263 45
265 10 265 12
266 19 266 50
267 15 267 55
268 6 268 22
269 16 269 18
271 17 271 19
273 9 273 61
274 7 274 14
275 4 275 11
276 8 276 62
278 12 278 72
279 1 279 35
280 1 280 18
282 3 282 26
283 1 283 51
