1 0 3 3
4 0 4 15
5 0 5 32
20 14 33 1
36 17 36 33
39 22 44 1
47 23 49 1
50 0 52 2
55 16 59 1
62 16 62 76
67 13 70 1
72 8 84 1
86 11 86 34
93 8 93 73
100 8 100 71
103 18 103 72
106 4 106 40
107 16 107 28
110 1 112 4
113 4 113 54
113 20 113 32
113 36 113 52
118 1 123 4
124 27 124 42
125 9 125 37
128 1 131 4
132 33 132 50
133 8 133 47
136 1 139 4
140 27 140 42
141 22 141 52
142 8 142 58
145 1 148 4
149 20 149 24
152 33 152 63
153 8 153 53
156 1 156 17
158 1 158 73
159 1 159 77
160 1 160 66
161 1 161 75
162 1 163 48
166 1 166 48
167 1 167 48
171 9 171 41
173 9 173 43
174 1 174 62
177 9 177 55
179 9 179 55
180 1 180 74
