1 0 3 3
5 0 5 37
8 5 8 32
9 1 9 20
10 1 10 21
11 1 11 23
12 1 12 22
13 1 13 27
16 5 16 28
17 1 17 20
18 1 18 23
19 1 19 22
20 1 20 27
23 5 23 33
24 1 24 20
25 1 25 19
26 1 26 30
27 1 27 24
28 1 28 27
31 5 31 25
32 1 32 17
33 1 33 27
36 5 36 17
37 1 37 25
38 1 38 18
39 1 39 22
40 1 40 27
43 6 43 8
44 5 44 17
45 1 45 39
46 1 46 12
47 1 47 11
48 8 48 13
51 9 51 18
52 1 52 20
55 9 55 18
56 10 56 19
57 2 57 13
58 1 58 14
61 9 61 18
62 1 62 42
63 1 63 41
64 1 64 12
65 1 65 11
66 10 66 19
67 2 67 13
68 10 68 19
69 2 69 13
70 1 70 41
73 1 77 4
79 9 79 18
80 1 80 18
81 1 81 22
82 1 82 13
83 1 83 18
84 1 84 22
87 1 87 46
88 1 88 20
89 1 89 18
90 1 90 22
91 1 91 13
92 1 92 18
93 1 93 22
95 1 95 15
96 1 96 18
97 1 97 22
100 1 100 12
101 1 101 11
102 1 102 29
103 1 103 18
104 1 104 15
105 1 105 18
106 1 106 14
107 1 107 18
109 10 109 19
110 2 110 40
111 1 111 19
112 1 112 22
114 1 114 13
115 1 115 15
116 1 116 15
117 1 117 19
118 1 118 22
119 1 119 12
120 1 120 11
121 1 121 28
123 1 123 14
124 1 124 25
125 1 125 28
128 1 128 15
129 1 129 32
130 1 130 28
133 9 133 18
134 1 134 15
135 1 135 43
136 1 136 12
137 1 137 11
138 1 138 25
139 10 139 19
140 2 140 13
141 1 141 49
142 1 142 20
145 9 145 18
146 1 146 48
147 1 147 12
148 1 148 31
149 1 149 11
150 1 150 31
153 9 153 18
154 1 154 38
155 1 155 12
156 1 156 11
159 1 159 43
160 1 160 12
161 1 161 13
162 1 162 27
163 1 163 28
164 1 164 25
167 10 167 19
168 2 168 13
169 1 169 14
170 10 170 19
171 2 171 13
172 1 172 27
175 1 180 4
182 9 182 18
183 1 183 43
184 1 184 12
185 1 185 11
188 1 188 42
189 1 189 32
190 1 190 23
191 1 191 25
194 10 194 19
195 2 195 13
196 1 196 14
197 10 197 19
198 2 198 13
199 1 199 23
202 1 205 4
206 9 206 18
209 10 209 22
210 1 210 43
211 1 211 21
212 9 212 21
215 1 215 58
216 1 216 32
217 1 217 33
218 1 218 28
220 12 220 33
221 12 221 32
222 1 222 24
223 1 223 24
