1 0 38 3
39 0 39 13
40 0 40 18
41 0 41 16
44 1 46 4
47 10 47 16
48 9 48 37
49 11 49 33
50 2 50 30
51 12 51 36
52 6 52 34
53 4 53 32
55 8 55 21
58 1 61 4
62 19 62 28
63 7 63 20
64 12 64 14
65 11 65 16
68 7 68 35
72 7 72 35
74 11 74 22
75 5 75 27
76 18 76 31
78 10 78 19
79 3 79 27
81 6 81 15
83 4 83 17
84 4 84 12
86 4 86 24
87 4 87 27
89 12 89 16
90 4 90 26
91 4 91 26
93 8 93 37
96 1 99 4
100 12 100 16
101 13 101 51
102 7 102 10
103 7 103 9
104 11 104 19
105 12 105 26
106 4 106 21
107 7 107 18
108 5 108 17
109 5 109 15
111 14 111 22
114 1 116 4
119 2 121 5
126 18 126 23
127 18 127 37
129 48 129 64
130 2 134 5
135 5 135 26
136 3 136 68
138 20 138 36
139 2 139 17
140 16 140 29
142 20 142 48
143 17 143 21
144 13 144 24
147 2 147 51
148 2 148 37
151 2 151 63
153 9 153 12
156 2 159 5
160 9 160 39
163 2 167 5
168 21 168 34
170 5 170 23
171 10 171 14
173 2 173 43
176 8 176 31
177 9 177 22
178 3 178 7
180 3 180 12
181 3 181 31
182 3 182 27
184 9 184 13
186 29 186 52
187 2 189 5
191 12 191 27
192 4 192 33
193 9 193 19
194 3 194 7
197 2 200 5
201 2 201 23
204 23 204 27
205 2 209 5
210 9 210 48
210 18 210 31
210 35 210 47
212 3 212 26
214 1 214 11
215 1 215 27
216 1 216 28
218 7 218 20
219 10 219 49
220 2 220 16
221 1 221 11
223 5 223 12
224 1 224 14
226 11 226 12
227 3 227 11
228 9 228 10
231 8 231 23
232 7 232 33
233 17 233 30
235 9 235 46
