14 29 14 43
15 33 15 59
16 38 16 70
17 30 17 41
18 26 18 61
19 30 19 44
25 20 25 52
26 5 26 62
26 19 26 50
26 40 26 62
38 1 47 2
38 29 38 64
40 36 40 72
40 49 40 72
42 6 42 16
42 12 42 12
43 3 43 15
43 10 43 10
45 2 45 2
45 8 46 12
54 74 58 9
55 5 55 57
56 5 56 28
57 5 58 8
75 1 96 2
82 15 82 35
82 42 82 45
83 3 91 4
86 8 86 38
86 8 86 58
86 23 86 23
86 42 86 58
87 5 87 24
87 19 87 19
89 8 89 38
89 8 89 58
89 23 89 23
89 42 89 58
90 5 90 24
90 19 90 19
103 1 123 2
110 6 110 22
111 3 111 15
111 10 111 10
113 2 123 2
114 6 114 17
114 13 114 13
115 3 115 15
115 10 115 10
117 2 122 13
119 12 119 18
119 20 119 23
119 32 121 53
121 3 121 50
124 33 125 19
144 1 189 2
148 6 148 52
149 2 152 3
154 2 189 2
156 3 185 8
157 3 185 8
160 24 160 47
161 4 170 5
164 9 164 67
165 5 169 6
172 4 172 47
172 4 180 8
172 7 172 38
172 8 172 19
172 45 172 46
173 4 178 5
177 11 177 27
182 3 185 8
184 10 184 10
188 2 188 13
205 1 219 2
211 6 211 16
211 12 211 12
212 3 212 15
212 10 212 10
213 2 213 2
213 8 219 2
215 2 215 2
215 8 218 20
216 2 216 2
222 28 222 53
226 1 240 2
228 34 228 35
230 29 230 47
230 29 230 53
230 34 230 49
231 48 231 82
231 49 231 67
233 6 233 16
233 12 233 12
234 3 234 15
234 10 234 10
235 85 256 5
236 2 239 20
236 14 236 26
236 28 236 31
237 3 237 3
243 6 243 19
246 2 256 5
247 1 257 2
247 10 247 53
248 3 256 5
249 16 249 63
250 4 256 5
250 6 250 31
251 2 254 3
253 10 253 10
256 2 256 59
260 4 261 4
260 4 267 3
260 4 271 23
260 13 261 4
263 13 267 3
264 1 281 2
269 2 271 23
269 6 269 22
270 2 271 23
270 6 270 22
271 3 271 13
271 3 271 18
271 3 271 23
273 2 281 2
273 6 273 17
273 6 273 32
273 10 273 10
273 21 273 32
273 25 273 25
274 2 277 3
275 2 275 3
275 2 276 2
279 16 280 11
298 1 344 2
298 2 298 106
302 6 302 54
303 2 319 3
307 4 307 16
307 11 307 11
309 3 319 3
310 7 310 18
310 14 310 14
311 4 311 16
311 11 311 11
312 3 319 3
314 19 314 27
314 29 314 38
315 3 318 4
321 2 341 3
325 7 325 17
325 13 325 13
326 4 326 16
326 11 326 11
328 3 341 3
331 7 331 12
332 4 332 19
334 7 334 18
334 7 334 33
334 28 334 33
335 3 338 4
337 10 337 10
339 23 339 50
340 4 340 33
343 2 343 13
352 23 352 50
371 1 443 2
372 39 372 39
379 6 379 68
380 3 380 15
380 10 380 10
382 2 443 2
382 6 382 19
383 2 398 3
384 15 384 15
387 3 387 3
387 17 392 20
388 3 392 20
389 8 389 31
390 5 390 10
392 3 392 3
392 20 395 16
392 20 397 13
392 20 398 3
395 11 395 11
400 2 403 3
405 2 443 2
408 6 408 17
408 13 408 13
409 2 412 3
411 10 411 10
414 2 443 2
416 14 416 23
416 25 416 28
417 2 432 3
418 14 418 14
418 29 432 3
422 7 422 23
423 4 423 14
425 3 432 3
425 7 425 18
425 7 425 33
425 11 425 11
425 22 425 33
425 26 425 26
426 3 429 4
431 17 432 3
434 11 435 20
437 2 441 15
441 10 441 10
447 1 449 2
846 25 846 54
920 23 920 52
1046 26 1046 56
1130 29 1130 56
1139 15 1139 16
1140 15 1140 16
1249 41 1249 74
