1 0 3 3
4 0 4 10
5 0 5 16
6 0 6 14
8 0 8 37
9 0 11 25
11 1 11 25
13 1 13 16
15 1 15 17
17 13 17 22
18 2 18 20
21 1 23 4
25 9 25 34
27 10 27 15
28 2 28 33
29 7 29 25
30 2 30 34
32 1 32 29
33 1 33 37
34 1 34 39
36 10 36 18
37 2 37 40
38 1 38 59
41 7 41 50
42 5 42 58
43 1 43 46
45 6 45 17
46 1 46 24
48 1 48 53
49 1 49 68
52 5 52 47
54 5 54 20
55 1 55 26
56 1 56 33
57 1 57 25
60 7 60 41
61 1 61 45
63 6 63 91
64 8 64 16
65 1 65 46
66 1 66 40
69 5 69 35
71 6 71 52
72 1 72 56
74 6 74 28
75 1 75 56
76 1 76 56
77 1 77 49
78 1 78 45
81 5 81 76
82 9 82 23
83 1 87 2
90 5 90 44
91 1 91 34
95 6 95 29
96 9 96 19
97 2 97 35
98 2 98 33
101 1 101 35
104 1 106 4
108 5 108 54
109 1 109 28
110 10 110 76
112 10 112 19
113 3 113 11
115 6 115 17
116 10 116 12
117 2 117 43
118 1 118 24
119 1 119 17
121 10 121 23
122 3 122 11
124 6 124 17
125 10 125 12
126 2 126 43
128 1 128 18
131 1 133 4
134 6 134 33
136 5 136 54
137 1 137 34
139 16 139 45
140 15 140 48
141 15 141 41
142 1 142 25
143 1 143 24
144 1 144 24
146 10 146 19
147 3 147 11
149 6 149 28
150 1 150 15
151 1 151 24
153 10 153 23
154 3 154 11
156 6 156 28
157 1 157 15
158 1 158 38
160 6 160 39
161 1 161 15
162 1 162 23
164 6 164 34
165 1 165 15
166 1 166 24
168 1 168 42
169 1 169 42
170 1 170 40
173 1 176 4
178 5 178 54
179 5 179 15
180 1 180 12
181 1 181 28
182 1 182 30
184 5 184 14
185 5 185 17
186 5 186 25
187 1 187 12
189 10 193 2
194 11 194 29
196 1 196 23
199 1 201 4
202 7 202 35
204 5 204 54
205 6 205 27
206 10 206 25
207 10 209 2
211 1 211 22
213 6 213 31
214 1 216 2
217 1 217 20
218 10 218 25
219 1 219 20
220 1 220 22
223 1 225 4
226 5 226 54
227 5 227 21
229 5 229 16
230 1 230 22
231 1 231 12
233 6 233 28
234 1 234 22
236 5 236 35
237 1 237 22
241 5 241 54
242 7 242 20
243 6 243 23
244 2 244 21
246 7 246 20
247 6 247 23
248 2 248 18
250 1 250 20
251 6 251 23
252 2 252 29
254 7 254 19
255 11 255 26
256 1 256 18
257 6 257 27
258 2 258 28
260 1 260 20
261 1 261 37
262 1 262 43
263 7 263 16
264 1 264 34
265 8 265 17
266 6 266 24
267 2 267 36
270 1 273 4
275 5 275 54
276 5 276 32
278 6 278 27
279 1 279 13
280 1 280 27
281 1 281 32
283 1 283 31
284 1 284 55
285 1 285 43
288 1 291 4
293 5 293 54
294 5 294 33
296 6 296 18
297 1 297 13
298 1 298 32
299 1 299 33
301 6 301 28
302 1 302 32
303 1 303 30
306 1 308 4
310 5 310 54
311 5 311 23
312 5 312 20
313 5 313 24
314 1 314 13
315 1 315 22
316 1 316 39
318 6 318 24
319 1 319 28
320 9 320 29
321 1 321 31
323 6 323 29
324 1 324 37
326 6 326 7
327 1 327 28
330 5 330 34
331 1 331 25
333 5 333 38
334 1 334 26
337 5 337 36
339 5 339 35
341 6 341 15
342 6 342 15
343 6 343 17
344 6 344 16
345 1 345 23
346 1 346 23
347 1 347 23
348 1 348 23
351 1 353 4
354 1 354 12
356 5 356 54
357 5 357 33
358 6 358 20
359 2 359 19
361 1 361 27
363 10 363 31
364 1 364 16
368 6 368 20
369 2 369 23
371 10 371 31
373 1 373 21
374 5 374 42
375 1 375 33
378 1 380 4
382 5 382 54
383 5 383 33
384 6 384 20
385 2 385 19
387 1 387 27
388 17 388 38
390 9 390 45
392 1 392 27
393 12 393 33
395 1 395 31
396 1 396 61
399 1 401 4
403 5 403 54
404 5 404 13
405 6 405 38
406 2 406 19
407 1 407 27
408 1 408 38
411 1 413 4
415 5 415 54
416 5 416 13
417 1 417 34
418 6 418 33
419 2 419 27
422 1 424 4
426 8 426 57
427 6 427 20
428 6 428 20
429 6 429 20
431 9 431 21
432 10 432 15
433 2 433 13
435 9 435 47
436 1 436 25
437 5 437 13
439 1 439 39
441 5 441 45
442 1 442 40
445 1 447 4
449 1 449 48
451 11 451 58
453 1 453 82
454 1 454 84
456 1 456 75
457 1 457 73
460 1 460 79
463 1 463 64
464 1 464 67
467 1 467 67
468 1 468 65
469 1 469 52
472 1 474 4
477 12 477 32
478 1 478 38
479 1 479 39
482 12 482 55
483 1 483 46
484 1 484 49
487 11 487 38
488 1 488 34
489 1 489 37
492 1 495 4
496 5 496 54
497 5 497 21
498 13 498 41
499 1 499 52
500 18 500 44
501 1 501 59
504 1 506 4
507 1 507 31
508 1 508 41
510 5 510 44
512 1 512 49
513 1 513 66
514 1 514 63
516 1 516 78
520 10 520 51
521 1 521 43
522 1 522 32
524 15 524 50
525 1 525 49
526 1 526 37
528 10 528 31
529 1 529 37
532 1 534 4
535 5 535 54
537 5 537 13
538 6 538 21
539 2 539 26
541 1 541 36
543 6 543 38
544 2 544 27
546 1 546 38
548 7 548 23
550 7 550 23
551 3 551 7
552 8 552 17
553 2 553 41
556 1 558 4
559 5 559 54
561 5 561 13
563 7 563 22
564 3 564 7
565 8 565 25
566 2 566 6
568 2 568 59
571 1 573 4
575 5 575 54
576 6 576 18
577 6 577 20
578 1 578 13
580 6 580 22
581 2 581 18
583 1 583 28
584 1 584 28
585 1 585 13
586 1 586 28
587 1 587 13
588 1 588 28
590 1 590 13
591 1 591 28
592 1 592 28
595 5 595 54
597 10 597 20
598 1 598 29
601 7 601 21
602 1 602 29
604 1 604 25
605 1 605 47
607 1 607 29
608 6 608 23
609 2 609 31
610 1 610 17
611 1 611 32
612 1 612 29
613 1 613 47
615 10 615 30
616 1 616 18
617 7 617 44
618 7 618 49
619 1 619 28
621 1 621 14
622 1 622 14
623 1 623 22
624 1 624 44
625 1 625 37
628 1 630 4
631 1 631 48
634 1 636 4
637 1 637 48
640 1 642 4
643 1 643 17
644 13 644 39
645 10 645 36
647 5 647 54
648 5 648 25
649 5 649 15
650 1 650 12
652 18 652 30
653 2 653 30
654 11 654 16
655 3 655 30
657 1 657 31
660 5 660 15
661 1 661 30
662 1 662 64
665 1 667 4
668 6 668 55
670 6 670 19
671 1 671 12
673 7 673 17
674 1 674 23
676 7 676 17
677 1 677 24
679 7 679 17
680 1 680 24
682 1 682 77
683 1 683 73
684 1 684 69
685 1 685 64
688 1 691 4
692 6 692 55
694 5 694 19
695 1 695 15
696 1 696 27
698 1 698 26
699 1 699 34
700 6 700 17
701 2 701 32
703 1 703 27
704 1 704 35
705 6 705 17
706 2 706 33
709 1 711 4
712 5 712 68
713 1 713 28
714 6 714 19
715 2 715 34
718 1 720 4
722 6 722 55
723 1 730 7
732 12 732 28
734 1 734 24
735 1 735 81
737 7 737 65
738 1 738 66
739 1 739 53
742 1 744 4
746 6 746 55
747 1 754 7
756 12 756 35
757 1 757 24
759 12 759 35
760 1 760 24
762 12 762 35
763 1 763 24
764 7 764 65
765 1 765 19
768 1 770 4
772 6 772 55
773 1 787 7
789 12 789 35
790 1 790 24
792 12 792 35
793 1 793 24
796 7 796 51
798 10 798 18
799 5 799 25
800 3 800 22
802 1 802 17
805 12 805 35
806 1 806 24
808 7 808 65
809 1 809 19
810 7 810 66
811 1 811 19
812 1 812 25
814 12 814 35
815 7 815 66
816 1 816 31
818 12 818 35
819 7 819 66
820 1 820 37
823 1 825 4
826 6 826 55
827 5 827 37
829 1 829 13
830 1 830 27
831 1 831 42
834 1 834 13
835 1 835 27
838 1 838 20
839 1 839 13
840 1 840 27
843 5 843 12
844 1 844 13
845 1 845 13
846 1 846 32
849 1 854 4
855 1 855 16
856 6 856 55
857 7 857 24
861 3 861 20
862 8 862 35
863 2 863 31
864 2 864 24
865 2 865 28
866 2 866 31
868 2 868 44
872 3 872 33
873 8 873 35
874 2 874 31
875 2 875 28
876 2 876 28
877 2 877 31
879 2 879 44
882 1 882 42
883 1 883 34
886 1 886 35
887 1 887 36
888 1 888 37
889 1 889 53
890 1 890 50
893 1 898 4
899 1 899 16
900 6 900 55
901 7 901 22
902 1 902 24
905 1 905 43
906 1 906 38
909 1 909 30
910 1 910 30
914 2 914 44
915 8 915 35
916 2 916 31
917 2 917 31
918 2 918 28
919 2 919 23
920 2 920 31
922 2 922 44
925 1 930 4
931 1 931 16
932 6 932 55
933 7 933 22
934 1 934 24
937 1 937 48
938 1 938 44
942 2 942 33
943 8 943 35
944 2 944 37
945 2 945 23
946 2 946 33
947 2 947 31
949 2 949 44
952 1 957 4
958 1 958 16
959 6 959 55
960 7 960 22
961 1 961 24
962 9 962 35
965 1 965 32
966 1 966 36
970 2 970 23
971 8 971 35
973 2 973 36
974 2 974 29
975 2 975 32
976 2 976 31
978 2 978 44
982 2 982 21
983 8 983 35
985 2 985 31
986 2 986 29
987 2 987 27
988 2 988 31
990 2 990 44
993 1 1000 4
1001 1 1001 16
1002 6 1002 55
1003 7 1003 21
1004 1 1004 24
1008 3 1008 29
1009 8 1009 35
1011 2 1011 39
1012 2 1012 30
1013 2 1013 31
1015 2 1015 44
1018 1 1018 55
1022 1 1022 42
1023 1 1023 47
1026 1 1031 4
1033 1 1033 41
1035 5 1035 20
1036 1 1036 32
1037 5 1037 10
1038 1 1038 34
1039 5 1039 20
1040 1 1040 36
1042 1 1042 84
1043 1 1043 54
