1 0 3 3
4 0 4 16
5 0 5 27
6 0 6 38
9 1 25 4
28 2 30 5
33 2 36 5
39 1 41 4
45 2 47 5
51 2 54 5
57 2 60 5
61 9 61 11
64 2 66 5
70 2 73 5
76 2 78 5
81 2 83 5
86 2 88 5
91 2 94 5
96 1 96 9
98 1 102 4
104 1 106 10
112 9 112 18
120 9 120 26
123 9 123 13
126 2 126 6
129 9 129 19
132 9 132 19
135 9 135 13
138 5 138 47
141 9 141 55
143 1 143 9
145 1 157 4
159 1 159 13
160 1 160 18
161 1 161 17
162 1 164 10
166 2 168 5
173 9 173 26
176 9 176 75
180 3 182 2
185 2 187 5
189 9 194 3
197 8 197 33
197 12 197 26
197 30 197 32
198 8 198 32
198 12 198 25
198 29 198 31
199 2 199 63
202 6 202 26
203 6 203 79
204 25 204 26
205 9 205 24
208 6 208 26
209 6 209 79
210 25 210 26
211 9 211 24
214 5 214 37
215 10 215 14
217 5 217 19
218 7 218 21
220 7 220 20
222 9 222 58
225 2 228 5
230 5 230 84
234 5 234 19
236 6 236 19
239 10 239 45
240 8 240 26
243 6 243 45
247 8 247 26
248 3 248 17
250 6 250 29
252 11 257 5
259 6 259 44
262 14 262 37
263 14 263 33
265 7 265 59
267 12 272 6
273 7 273 49
275 3 275 30
277 6 277 42
279 11 284 5
286 9 286 53
287 6 287 27
289 11 294 5
298 1 298 9
300 1 310 4
312 1 312 13
313 1 313 18
314 1 316 10
318 9 320 10
321 23 321 26
321 32 321 35
322 9 322 69
325 2 325 33
327 2 327 22
328 2 328 27
330 2 330 21
331 2 331 26
333 33 333 36
333 42 333 45
333 51 333 54
335 3 337 2
340 2 342 5
344 9 348 3
351 8 351 32
351 12 351 25
351 29 351 31
352 8 352 33
352 12 352 26
352 30 352 32
353 2 353 43
355 32 355 35
355 42 355 46
356 6 356 24
358 40 358 60
359 9 359 49
361 34 361 37
361 44 361 48
362 6 362 25
364 40 364 59
365 9 365 49
368 5 368 37
369 10 369 14
371 5 371 19
372 7 372 21
374 7 374 20
376 9 376 43
381 1 381 9
383 1 393 4
395 1 395 13
396 1 396 11
397 1 397 22
398 1 400 10
402 9 402 19
405 23 405 26
405 32 405 35
406 9 406 69
409 9 409 81
411 33 411 36
411 42 411 45
411 51 411 54
415 2 417 5
419 9 424 3
427 5 427 25
428 3 428 82
429 7 429 27
430 3 430 83
432 5 432 20
433 3 433 49
434 7 434 22
435 3 435 50
437 32 437 35
437 42 437 46
438 2 438 6
440 34 440 37
440 44 440 48
441 2 441 6
447 1 459 4
462 17 462 19
466 16 466 18
469 2 471 5
473 11 473 50
474 3 474 20
477 13 477 30
478 5 478 19
479 11 479 28
480 7 480 17
481 11 481 35
483 5 483 28
485 11 485 25
487 2 487 26
488 15 488 32
489 13 489 34
490 20 490 28
493 2 493 20
497 2 499 5
501 9 501 52
504 2 504 63
506 2 506 20
507 11 507 23
508 3 508 23
510 2 510 19
511 11 511 22
512 3 512 23
515 2 517 5
519 9 519 68
519 42 519 59
522 2 524 5
526 26 526 34
528 5 528 61
530 13 530 36
531 9 531 24
532 8 532 33
533 6 533 14
535 8 535 29
536 6 536 13
537 6 537 11
538 10 538 20
539 4 539 8
541 2 541 44
542 2 542 51
545 2 547 5
549 2 549 29
551 9 551 13
554 2 556 5
558 9 558 48
561 2 563 5
565 11 565 50
566 3 566 18
567 9 567 13
570 2 572 5
574 11 574 50
575 3 575 18
576 9 576 13
579 2 581 5
583 11 583 60
584 3 584 20
585 9 585 13
587 30 587 46
588 2 594 5
596 5 596 25
598 10 598 14
600 7 600 25
601 12 601 28
604 14 604 76
605 8 605 26
606 6 606 17
608 4 608 9
610 14 610 16
613 21 613 28
614 2 614 51
615 16 615 17
616 9 616 13
619 2 622 5
624 5 624 34
626 19 626 29
628 9 628 13
631 2 637 5
639 2 639 45
640 15 640 29
642 9 642 13
645 2 647 5
649 5 649 33
650 3 650 15
651 5 651 66
652 10 652 14
654 2 654 49
658 2 658 40
659 2 659 44
660 9 660 13
663 2 667 5
670 2 670 19
675 13 675 15
677 11 677 42
678 7 678 22
679 3 679 21
680 6 680 32
682 7 682 21
683 5 683 10
685 2 685 36
686 20 686 33
687 16 687 29
689 2 689 37
690 21 690 29
692 9 692 39
695 2 699 5
701 5 701 60
704 13 704 15
705 11 705 22
706 6 706 31
708 7 708 21
709 5 709 10
711 3 711 21
713 2 713 20
715 9 715 22
716 20 716 24
717 16 717 20
719 2 719 31
720 2 720 24
721 2 721 37
723 9 723 17
