13 9 13 67
19 30 19 44
21 5 21 62
21 41 21 62
24 32 24 61
25 20 25 52
25 31 25 39
26 19 26 50
26 31 26 66
27 31 27 68
29 57 32 2
30 27 30 27
30 40 31 19
33 32 33 70
46 16 46 23
47 18 47 23
48 27 48 42
49 27 49 42
57 23 57 42
58 37 58 93
59 38 59 103
59 41 59 94
59 101 59 102
64 31 64 69
68 16 68 24
69 18 69 23
72 29 72 65
77 27 77 43
78 27 78 43
79 23 79 42
80 37 80 93
81 38 81 103
81 41 81 94
81 101 81 102
86 31 86 69
90 18 90 26
91 20 91 27
94 31 94 68
99 29 99 44
100 29 100 44
101 25 101 44
105 33 105 75
107 5 107 66
115 2 116 3
115 2 117 3
115 2 117 10
115 3 117 10
116 3 117 10
117 2 117 10
118 3 118 35
121 3 121 50
139 1 178 2
140 6 140 19
140 6 140 33
140 23 140 33
140 29 140 29
141 2 144 3
145 7 175 3
146 2 150 3
148 7 148 23
149 4 149 14
151 7 175 3
152 2 170 3
157 7 157 19
157 15 157 15
158 4 158 14
160 3 170 3
163 7 163 16
163 12 163 12
164 3 167 4
169 3 170 3
172 2 175 3
177 2 177 11
182 1 210 2
183 6 183 19
183 6 183 33
183 23 183 33
183 29 183 29
184 2 186 3
185 10 185 10
187 7 207 3
188 2 192 3
190 7 190 23
191 4 191 14
193 7 207 3
194 2 202 3
197 7 197 40
198 4 198 14
200 3 202 3
204 2 207 3
209 2 209 11
222 28 222 53
264 1 277 2
268 4 271 27
268 4 271 28
268 9 268 13
269 5 269 9
270 5 270 9
271 12 271 16
272 4 272 4
272 14 272 14
276 2 276 25
298 1 309 2
302 4 305 11
302 4 305 12
302 9 302 13
303 5 303 9
304 5 304 9
306 4 306 4
306 14 306 14
339 23 339 50
352 23 352 50
373 1 425 2
384 13 384 51
385 2 396 3
388 26 388 50
388 44 388 44
389 3 392 4
394 3 394 3
394 9 395 12
397 7 408 12
398 2 402 3
399 41 399 41
400 7 400 22
400 18 400 18
401 4 401 13
403 7 408 12
403 11 403 74
404 2 406 3
405 25 405 25
408 3 408 12
410 18 425 2
411 6 411 11
412 2 415 3
420 2 424 11
420 21 420 21
429 1 436 2
433 16 433 21
433 16 433 38
433 25 433 38
433 40 433 43
433 44 433 45
440 1 455 2
443 2 443 2
448 16 448 21
448 16 448 38
448 25 448 38
448 40 448 43
448 44 448 45
451 6 451 19
452 3 452 18
454 3 454 16
459 1 474 2
465 16 465 21
465 16 465 38
465 25 465 38
465 40 465 43
465 44 465 45
468 6 468 19
469 3 469 3
471 3 471 3
473 22 473 22
481 1 533 2
482 18 482 18
482 31 482 31
485 13 485 51
486 2 497 3
489 26 489 52
489 44 489 44
490 3 493 4
495 3 495 3
495 9 496 12
498 7 513 3
498 26 498 47
499 2 502 3
500 7 500 43
501 4 501 13
503 7 513 3
503 11 503 104
504 2 508 3
510 2 513 3
515 2 532 11
515 6 515 18
515 14 515 14
516 2 521 3
517 3 517 3
523 2 525 3
524 3 524 3
529 20 529 20
537 1 556 2
543 6 543 17
543 13 543 13
544 3 544 15
544 10 544 10
546 2 555 13
549 2 549 2
560 1 686 2
561 67 561 67
564 18 564 18
564 31 564 31
564 49 564 49
564 62 564 62
567 6 567 97
568 3 568 15
568 10 568 10
570 2 686 2
571 6 571 17
571 13 571 13
572 3 572 15
572 10 572 10
574 2 686 2
576 6 576 21
576 17 576 17
577 2 605 3
582 4 584 9
582 9 582 9
586 4 588 9
586 9 586 9
590 4 592 9
590 9 590 9
594 4 598 15
600 4 600 9
603 3 605 3
603 7 603 13
604 4 604 14
607 2 686 2
607 6 607 18
607 14 607 14
608 2 672 3
611 4 616 9
611 9 611 9
614 28 614 28
618 4 623 9
618 9 618 9
621 28 621 28
625 4 667 9
625 9 625 9
631 5 633 6
634 10 640 15
634 14 634 28
635 5 638 6
642 5 659 9
645 25 645 44
646 5 648 6
650 5 655 6
653 6 653 6
661 4 665 15
667 4 667 9
670 3 672 3
670 7 670 23
671 4 671 14
674 2 686 2
674 6 674 23
674 6 674 74
674 19 674 19
674 27 674 74
675 3 675 13
676 2 686 2
676 6 676 18
676 6 676 54
676 14 676 14
676 22 676 54
677 3 677 13
679 2 679 13
681 2 684 15
684 10 684 10
709 1 712 2
716 1 731 2
722 4 723 44
722 4 724 9
722 4 724 10
722 9 722 13
723 33 723 37
724 4 724 10
726 4 726 4
726 14 726 14
730 16 730 16
735 1 741 2
745 1 765 2
751 3 752 47
753 3 753 8
755 3 757 52
758 3 758 8
760 3 763 8
761 3 762 18
763 3 763 8
769 1 794 2
780 3 782 8
784 3 786 8
788 3 790 40
789 3 790 40
793 2 793 13
814 1 859 2
818 6 818 54
819 2 822 3
824 2 859 2
826 3 855 8
827 3 855 8
830 26 830 51
831 4 840 5
834 9 834 53
835 5 839 6
842 4 850 8
842 8 842 19
843 4 848 5
846 25 846 54
847 11 847 27
852 3 855 8
854 10 854 10
858 2 858 13
866 1 892 2
877 3 879 8
881 3 883 8
885 3 888 8
886 3 888 8
891 2 891 13
896 1 922 2
907 3 909 8
911 3 913 8
915 3 918 8
916 3 918 8
920 23 920 52
921 2 921 13
926 66 953 2
935 6 935 41
936 3 936 6
939 6 939 17
940 3 940 15
941 2 953 2
945 6 945 79
945 9 945 17
946 2 949 3
950 2 952 13
956 68 979 2
962 6 962 89
963 3 963 15
965 2 979 2
965 17 965 41
966 6 966 15
967 3 967 15
968 2 979 2
968 6 968 53
969 3 969 13
970 2 979 2
970 6 970 38
971 3 971 13
973 2 973 19
974 2 977 15
981 1 981 1
986 1 1009 2
987 28 987 67
994 6 994 29
995 3 995 6
998 6 998 15
998 11 998 11
999 3 999 15
999 10 999 10
1001 2 1006 11
1002 2 1002 2
1013 1 1050 2
1014 69 1014 69
1016 14 1016 14
1016 41 1016 41
1016 54 1016 54
1019 6 1019 99
1020 3 1020 15
1020 10 1020 10
1022 2 1050 2
1022 6 1022 7
1022 9 1022 10
1024 3 1025 59
1024 8 1025 59
1024 12 1024 40
1024 27 1024 28
1025 4 1025 58
1025 10 1025 34
1026 13 1032 3
1029 2 1032 3
1031 10 1031 10
1034 2 1050 2
1034 6 1034 17
1034 13 1034 13
1035 3 1035 15
1035 10 1035 10
1036 26 1036 56
1037 2 1050 2
1038 6 1038 53
1039 3 1039 13
1040 2 1050 2
1040 6 1040 38
1041 3 1041 13
1043 2 1043 13
1045 2 1048 15
1046 26 1046 56
1048 10 1048 10
1106 19 1106 36
1118 26 1118 40
1130 29 1130 56
1139 15 1139 16
1140 15 1140 16
1249 41 1249 74
