1 0 3 3
6 7 6 9
7 14 7 21
8 5 8 13
9 3 9 12
10 9 10 16
11 7 11 15
12 3 12 16
13 7 13 14
14 13 14 40
17 3 17 7
19 4 19 7
20 2 20 11
23 1 25 4
26 10 26 20
27 9 27 11
28 10 28 12
29 12 29 18
30 14 30 25
31 5 31 22
32 11 32 28
33 14 33 19
35 5 35 23
36 3 36 30
37 14 37 20
39 3 39 25
41 8 41 33
44 25 44 43
45 19 45 46
47 10 47 28
48 1 48 25
49 8 49 54
50 1 50 16
52 8 52 46
55 37 55 42
57 11 57 50
58 11 58 25
59 25 59 41
60 23 60 41
62 8 73 2
75 50 75 53
76 1 78 4
80 8 80 69
82 12 82 49
84 15 84 39
85 11 85 14
86 6 86 24
87 4 87 9
91 3 91 26
92 1 92 11
93 6 93 40
94 1 94 9
95 10 95 59
96 2 96 10
