28 32 28 68
29 34 29 51
29 34 29 64
73 21 73 22
74 21 74 22
75 21 75 22
77 30 77 73
77 38 77 49
78 30 78 73
78 38 78 49
79 30 79 73
79 38 79 49
84 29 84 96
84 30 84 46
84 64 84 80
85 31 85 96
85 32 85 48
85 65 85 81
90 33 90 78
90 34 90 50
90 57 90 73
91 33 91 78
91 34 91 50
91 57 91 73
92 35 92 79
92 36 92 52
92 58 92 74
94 35 94 76
94 36 94 49
94 55 94 71
95 33 95 75
95 34 95 47
95 54 95 70
96 34 96 77
96 35 96 48
96 56 96 72
97 35 97 76
97 36 97 52
97 59 97 72
98 33 98 75
98 34 98 47
98 54 98 70
99 34 99 77
99 35 99 48
99 56 99 72
101 35 101 76
101 36 101 49
101 55 101 71
102 35 102 77
102 36 102 49
102 56 102 72
103 35 103 78
103 36 103 49
103 57 103 73
105 31 105 96
105 33 105 46
105 52 105 71
105 76 105 95
106 32 110 2
107 2 107 57
107 2 108 20
107 3 107 19
107 25 107 41
108 2 108 20
109 2 109 20
112 30 112 41
114 35 114 60
114 36 114 53
115 34 115 59
115 35 115 52
116 38 116 69
116 39 116 61
117 37 117 67
117 38 117 59
118 36 118 110
118 39 118 101
118 41 118 63
118 71 118 92
118 108 118 109
120 34 120 89
120 35 120 57
120 64 120 85
121 32 121 108
121 35 121 99
121 37 121 59
121 68 121 89
121 106 121 107
122 40 122 76
122 41 122 63
123 40 123 75
123 41 123 62
124 35 124 88
124 36 124 58
126 42 126 57
127 42 127 74
127 43 127 62
128 42 128 70
128 43 128 62
129 42 129 56
130 42 130 57
131 42 131 57
137 36 137 76
137 37 137 50
137 56 137 75
138 35 138 104
138 37 138 50
138 56 138 77
138 82 138 103
139 31 139 88
139 32 139 55
139 62 139 84
146 35 146 71
146 36 146 54
148 38 148 47
149 38 149 62
149 39 149 54
150 38 150 47
151 38 151 62
151 39 151 54
153 34 153 103
153 35 153 43
153 35 153 55
153 58 153 75
153 78 153 102
154 38 154 70
154 39 154 54
155 38 155 48
157 38 157 65
157 39 157 54
166 40 166 50
168 40 168 65
168 41 168 57
169 43 169 60
171 43 171 78
171 44 171 61
172 43 172 79
172 44 172 61
174 43 174 60
174 43 174 66
176 43 176 53
177 43 177 71
177 44 177 57
179 43 179 54
180 43 180 53
181 43 181 69
181 44 181 61
182 43 182 68
182 44 182 60
184 43 184 66
184 44 184 60
185 43 185 84
185 44 185 60
190 34 190 92
190 35 190 53
190 73 190 80
190 83 190 91
191 34 191 71
191 35 191 53
192 34 192 56
192 36 192 52
197 39 197 82
197 40 197 63
198 39 198 70
198 40 198 58
198 64 198 65
198 68 198 69
200 39 200 51
201 39 201 64
201 40 201 56
202 39 202 69
202 42 202 58
208 30 208 76
208 33 208 67
208 35 208 57
208 74 208 75
209 26 209 48
210 29 210 51
211 27 211 49
211 27 211 52
212 31 212 52
212 31 212 55
217 36 217 56
217 36 217 62
220 35 220 50
221 41 221 71
221 45 221 67
222 37 222 68
222 38 222 60
223 31 223 46
228 36 231 12
228 39 231 3
231 10 231 11
