1 0 16 3
18 0 18 10
19 0 19 9
20 0 20 16
21 0 21 16
22 0 22 18
24 0 24 27
25 0 25 29
26 0 26 29
28 0 28 38
29 0 29 26
31 0 31 35
32 0 32 43
33 0 33 37
34 0 34 31
36 0 36 19
37 0 37 20
39 0 39 46
44 20 44 81
45 7 45 18
48 15 48 28
58 20 58 26
59 19 59 25
60 21 60 29
61 18 61 23
62 23 62 25
65 2 65 29
66 2 66 32
69 2 69 26
70 2 70 33
73 5 73 23
75 2 75 18
77 9 77 23
77 9 77 48
77 27 77 48
78 2 78 78
79 2 79 29
82 2 82 21
83 2 83 13
84 2 84 27
87 2 87 30
90 9 90 24
91 12 96 3
98 8 98 75
99 25 99 31
101 5 101 19
102 10 102 47
104 10 104 34
106 26 106 30
107 9 107 12
110 11 110 41
111 10 111 14
113 5 113 28
114 10 114 14
116 6 116 28
118 5 118 33
119 13 119 28
120 17 120 40
121 11 121 42
123 6 123 24
124 13 124 36
125 11 125 49
126 12 126 16
129 17 129 41
132 10 132 39
133 9 133 26
134 10 134 15
137 6 137 41
138 11 138 48
140 10 140 22
141 7 141 68
142 7 142 27
143 15 143 26
144 9 144 26
145 7 145 14
148 9 148 29
149 11 149 78
151 12 151 23
152 25 152 32
153 11 153 25
154 5 154 16
155 12 155 24
157 11 157 13
159 2 159 46
160 9 160 13
163 11 163 32
164 2 164 63
165 8 165 26
167 5 167 16
168 9 168 20
169 7 169 19
170 13 170 38
171 14 171 65
172 14 172 62
173 14 173 50
174 12 177 4
178 14 178 30
179 3 179 17
181 3 181 54
183 12 183 29
184 21 184 60
185 2 185 50
186 2 186 54
188 5 188 28
189 14 189 35
191 14 191 28
194 5 194 23
195 3 195 19
197 9 197 51
198 3 198 15
199 3 199 68
201 6 201 38
202 4 202 68
205 9 205 78
206 4 206 35
208 3 208 22
209 3 209 28
212 27 212 41
213 2 213 37
214 2 214 18
215 20 215 92
218 8 218 31
220 5 220 22
221 14 221 56
223 22 223 43
224 19 224 42
225 2 225 45
226 2 226 29
227 2 227 32
229 8 229 31
230 7 230 32
231 7 231 70
233 5 233 33
234 19 234 74
235 12 235 45
236 18 236 55
237 17 237 30
239 3 239 31
244 9 244 37
245 2 245 26
247 8 247 81
248 8 248 57
250 7 250 32
251 2 251 40
252 2 252 66
253 2 253 19
254 23 254 26
255 2 255 17
256 2 256 37
259 15 259 17
261 11 261 27
262 9 262 23
263 9 263 30
263 9 263 36
263 34 263 36
265 13 265 69
265 38 265 42
265 46 265 50
266 12 266 13
267 3 267 59
268 3 268 34
270 5 270 20
271 3 271 19
274 7 274 39
275 9 275 46
276 12 276 54
277 2 277 31
279 36 279 48
280 1 280 12
281 1 281 16
284 7 284 18
285 4 285 22
286 12 286 31
287 5 287 32
288 10 288 34
289 2 289 13
291 6 291 50
293 1 293 29
294 12 294 36
295 1 295 34
296 1 296 17
298 3 298 26
299 1 299 51
