1 0 10 3
11 0 11 66
12 0 12 45
13 0 13 16
15 0 15 52
18 13 18 50
22 8 22 12
23 18 23 43
25 66 25 86
26 8 26 37
27 17 27 38
29 1 29 16
31 8 31 30
36 10 36 15
37 2 37 44
40 37 40 74
43 4 43 37
44 14 44 27
45 16 45 29
47 14 47 29
48 16 48 31
50 6 50 41
52 8 54 25
54 1 54 25
55 26 55 45
56 1 64 4
65 1 65 41
66 1 66 29
68 32 68 64
69 2 75 5
76 2 76 28
77 16 77 43
78 12 78 18
79 12 79 21
81 9 83 13
87 11 87 43
88 7 88 62
89 13 89 14
91 9 91 10
91 9 95 13
91 14 91 32
91 33 91 48
97 2 99 5
100 16 100 21
101 13 101 70
103 9 103 16
103 9 103 77
103 20 103 44
103 45 103 77
106 2 108 5
109 9 109 44
112 2 116 5
117 5 117 16
118 10 118 34
120 10 120 14
123 2 127 5
128 6 128 10
129 8 129 30
130 3 130 17
131 7 131 16
132 2 132 16
135 2 138 5
139 6 139 33
140 2 140 13
141 9 141 10
144 17 144 24
145 16 145 22
148 9 148 79
151 9 151 53
153 23 153 26
154 9 154 28
157 5 157 40
158 6 158 38
159 11 159 40
162 10 162 43
165 5 165 40
166 6 166 38
167 11 167 39
169 10 169 42
174 9 174 45
176 23 176 43
177 11 177 28
178 3 178 15
181 11 181 32
182 6 182 19
188 9 188 27
191 6 191 16
192 5 192 6
193 10 193 73
195 10 195 14
200 9 200 64
203 5 203 43
204 10 204 64
206 9 206 23
209 5 209 21
210 10 210 38
212 9 212 86
215 5 215 15
216 11 216 28
218 6 218 10
220 11 220 23
221 7 221 18
222 9 222 10
225 12 225 16
226 11 226 31
227 12 227 13
228 15 228 16
229 4 229 17
231 13 231 30
234 10 234 25
236 11 236 30
237 3 237 14
238 11 238 26
241 6 241 10
242 11 242 24
243 3 243 10
244 7 244 18
247 20 247 43
249 6 249 10
250 11 250 24
251 3 251 10
252 7 252 18
254 2 254 9
256 9 256 11
257 11 257 18
258 3 258 17
259 3 259 17
262 6 262 10
263 8 263 10
264 8 264 18
265 8 265 30
266 3 266 16
267 7 267 16
268 2 268 15
270 11 270 24
271 3 271 15
274 6 274 10
275 8 275 30
276 3 276 32
277 7 277 16
279 2 281 10
282 23 282 43
283 2 283 38
284 6 284 10
285 8 285 30
286 7 286 42
287 7 287 16
288 9 288 10
292 5 292 16
293 10 293 25
295 6 295 31
296 11 296 34
301 9 301 73
305 8 305 20
306 6 306 17
308 8 308 34
309 7 309 17
310 9 310 20
312 9 312 54
