1 0 5 3
6 0 6 9
7 0 7 10
9 0 9 29
10 0 10 27
12 0 12 24
13 0 13 23
17 13 17 44
18 5 18 22
19 10 19 42
21 10 21 23
23 2 23 15
26 8 26 28
29 19 29 53
30 4 30 28
31 2 31 49
33 8 33 26
34 4 34 30
35 13 35 20
36 10 36 20
39 10 39 20
41 8 41 22
44 1 46 4
48 25 48 37
49 9 49 35
51 5 51 56
52 4 52 26
53 7 53 31
54 4 54 19
55 4 55 35
57 3 57 35
58 4 58 20
59 3 59 22
62 8 62 33
63 9 63 61
64 1 64 18
65 1 65 19
67 36 67 48
69 37 69 45
71 9 71 30
73 9 73 37
74 4 74 49
75 2 75 89
76 9 76 32
78 14 78 44
79 4 79 50
80 2 80 101
81 9 81 32
83 1 83 40
85 8 85 19
87 3 87 26
88 1 88 51
