1 0 3 3
4 0 4 16
5 0 5 13
6 0 6 14
8 0 8 27
10 0 10 25
11 0 11 26
12 0 12 23
14 0 14 25
15 0 15 18
19 8 19 44
22 8 22 44
25 1 25 35
27 12 31 1
34 1 36 4
39 24 39 36
40 9 40 45
44 57 44 61
45 25 45 35
47 11 47 60
48 9 48 68
51 21 51 32
52 37 52 44
53 55 53 57
55 25 55 39
56 24 56 37
57 29 57 39
60 2 63 5
64 10 64 28
66 5 66 10
67 3 67 58
68 3 68 48
69 3 69 29
71 3 71 48
74 2 77 5
78 9 78 37
81 2 83 5
84 2 84 49
85 14 85 29
88 2 90 5
91 2 91 42
92 18 92 37
95 2 107 5
109 19 109 68
110 5 110 24
111 3 111 45
113 9 113 13
114 16 114 33
117 2 126 5
127 2 127 34
130 2 132 5
133 2 133 61
134 2 134 79
135 2 135 20
138 2 140 5
142 7 142 33
143 2 143 38
145 5 145 20
146 3 146 48
148 10 148 37
149 3 149 39
152 2 155 5
156 18 156 84
158 7 158 20
159 7 159 34
160 2 160 38
161 2 161 38
163 2 163 29
166 2 172 5
174 8 174 33
175 9 175 39
178 2 182 5
184 2 184 81
185 9 185 44
188 2 192 5
194 6 194 28
195 2 195 83
196 9 196 42
199 2 208 5
210 7 210 24
211 7 211 53
212 13 212 45
214 2 214 44
215 2 215 63
217 2 217 50
220 2 229 5
231 7 231 24
232 7 232 53
234 2 234 44
235 2 235 63
237 2 237 20
240 2 243 5
246 11 246 24
247 7 247 38
248 12 248 44
249 9 249 36
251 7 251 66
253 2 253 24
254 2 254 48
255 2 255 23
258 2 260 5
262 11 262 24
263 7 263 38
264 9 264 36
266 2 266 24
267 2 267 24
268 2 268 23
270 14 270 26
271 1 281 4
286 20 286 49
287 22 287 24
288 18 288 25
291 6 291 35
292 2 292 23
294 16 294 28
295 29 295 33
298 9 298 34
298 9 298 77
298 38 298 77
301 2 304 5
306 11 306 31
308 22 308 43
311 10 311 34
312 6 312 32
313 2 313 27
315 2 315 20
316 14 316 23
317 3 317 39
319 9 319 10
322 2 322 25
324 11 324 24
325 3 325 23
327 2 327 19
330 5 330 26
333 2 333 26
335 11 335 38
336 3 336 16
338 2 338 27
341 5 341 21
342 3 342 28
344 16 344 28
345 1 355 4
358 19 358 23
359 20 359 24
359 20 359 30
359 28 359 30
361 5 361 17
364 21 364 36
367 10 370 3
371 9 371 22
374 2 374 38
377 2 379 5
381 14 381 35
382 3 382 44
385 2 385 18
386 2 386 74
387 2 387 19
390 5 390 26
393 2 393 26
395 11 395 38
396 3 396 16
398 2 398 27
401 5 401 21
402 3 402 28
405 1 407 4
410 2 410 28
411 2 411 22
412 19 412 58
413 20 413 53
416 2 416 18
417 10 417 44
418 9 418 87
420 11 420 23
421 1 454 4
457 2 457 25
459 2 461 5
462 9 462 33
465 2 465 25
467 9 467 55
469 14 475 2
480 21 480 52
482 13 482 15
485 2 485 22
486 2 486 69
489 2 489 43
492 2 492 54
495 19 495 26
498 2 500 5
502 17 502 27
504 5 504 10
505 22 505 30
510 18 510 28
511 19 511 31
514 5 514 30
515 22 515 24
516 20 516 34
518 12 518 57
520 14 520 21
521 28 521 35
524 2 524 22
525 19 525 31
528 2 530 5
532 27 532 56
533 17 533 27
534 27 534 34
536 16 536 32
537 17 537 27
538 10 538 42
539 3 539 27
542 2 544 5
545 9 545 28
547 2 547 23
548 28 548 37
550 2 550 56
553 2 555 5
556 2 556 30
557 2 557 42
560 10 565 3
567 9 567 22
570 2 573 5
575 2 575 72
576 2 576 52
577 2 577 18
578 2 578 19
581 2 588 5
590 13 590 41
591 12 591 21
592 15 592 34
594 5 594 25
595 17 595 44
597 22 597 48
598 11 606 4
608 2 608 87
609 5 609 12
610 3 610 20
612 3 612 39
615 2 619 5
621 2 621 18
622 2 622 30
625 2 627 5
629 2 629 41
630 9 630 31
631 12 631 39
634 5 634 21
635 6 635 54
636 11 636 38
638 11 638 31
640 15 640 41
641 10 641 36
645 2 645 18
646 9 646 34
649 9 649 72
652 2 654 5
656 14 656 35
657 3 657 42
660 2 660 26
662 11 662 38
663 3 663 16
665 2 665 27
668 5 668 21
669 3 669 28
