1 0 3 3
4 0 4 18
5 0 5 16
6 0 6 16
8 0 8 35
11 1 13 4
15 18 15 25
16 20 16 29
17 15 17 19
18 16 18 21
21 2 23 5
24 11 24 17
25 6 25 26
26 4 26 12
28 17 28 29
29 12 29 49
30 8 30 40
31 3 31 11
34 2 36 5
37 5 37 27
38 10 38 29
40 10 40 17
43 2 45 5
46 12 46 62
47 9 47 52
50 2 52 5
53 9 53 42
56 2 58 5
60 6 60 23
61 5 61 11
62 7 62 13
64 7 64 17
66 9 66 35
69 2 71 5
72 9 72 38
75 2 77 5
78 9 78 24
78 9 78 69
78 28 78 62
78 63 78 69
81 1 86 4
89 2 91 5
92 21 92 43
93 19 93 34
94 16 94 21
94 16 94 38
94 25 94 38
97 5 97 14
99 10 99 18
103 2 103 18
104 5 104 14
106 10 106 17
109 5 109 17
110 3 110 20
111 3 111 29
114 5 114 19
117 10 117 27
118 7 118 45
121 10 121 25
124 12 124 16
125 16 125 28
126 7 126 15
127 13 127 44
129 14 129 35
131 7 131 12
132 12 132 27
137 9 139 13
144 12 144 45
148 2 148 23
150 14 150 27
151 20 151 40
152 19 152 31
158 24 158 33
159 13 159 30
160 7 160 23
161 5 161 13
163 17 163 37
166 10 166 25
167 14 167 18
168 11 168 18
169 13 169 27
170 7 170 28
171 5 171 16
172 13 172 15
174 7 174 18
175 5 175 28
177 17 177 34
179 12 179 40
180 4 180 26
181 4 181 14
184 13 184 23
186 6 186 38
188 13 188 18
190 7 190 35
192 5 192 16
193 13 193 15
195 13 195 18
197 7 197 25
200 5 200 16
201 13 201 15
205 7 205 9
208 15 208 24
209 6 209 33
211 11 211 20
214 11 214 16
216 6 216 19
218 10 218 16
219 8 219 31
220 10 220 30
221 7 221 36
222 11 222 16
223 8 223 24
224 7 224 25
225 11 225 13
227 11 231 6
233 10 233 22
234 7 234 19
237 9 237 55
238 11 238 16
240 6 240 14
242 12 242 34
243 16 243 30
245 7 245 19
247 15 247 23
247 15 247 68
247 27 247 44
247 45 247 68
248 16 248 31
250 11 250 13
251 13 251 15
252 7 252 13
253 3 253 19
255 35 255 38
256 13 256 49
257 4 257 36
260 14 260 26
261 13 261 28
262 3 262 51
264 53 264 56
264 65 264 68
265 2 267 5
268 9 268 25
272 12 272 23
276 19 276 23
277 6 277 17
279 7 279 17
280 13 280 15
284 5 284 13
285 8 285 19
288 12 288 14
290 14 290 25
293 47 293 52
294 11 294 20
296 7 296 22
297 5 297 25
298 5 298 25
300 7 300 26
302 15 302 19
304 24 304 62
305 7 305 17
308 16 308 21
310 14 310 19
311 5 311 77
317 2 319 5
320 9 322 3
325 1 327 4
332 6 332 27
333 5 333 13
335 6 335 26
336 5 336 13
339 7 339 20
340 2 340 10
343 1 346 4
347 9 347 17
348 9 348 34
352 10 352 19
353 10 353 20
355 13 355 42
356 5 356 11
357 17 357 26
359 3 359 19
360 3 360 19
362 10 362 20
363 4 363 49
365 2 365 26
367 8 367 29
370 1 372 4
377 18 377 36
380 15 380 51
384 4 384 35
385 7 385 9
386 7 386 9
387 7 387 9
389 15 389 33
393 15 393 44
394 16 394 18
395 13 395 26
396 11 396 17
397 2 397 29
399 11 399 24
400 20 400 32
400 20 400 51
400 36 400 40
400 46 400 51
401 3 401 44
402 3 402 36
404 5 404 21
406 23 406 25
408 2 408 54
410 4 410 22
411 2 411 15
412 10 412 18
414 8 414 62
417 1 421 4
422 5 422 90
426 7 426 13
429 25 429 26
430 5 430 64
431 3 431 11
433 18 433 36
434 2 434 16
435 11 435 17
436 2 436 7
438 25 438 26
439 5 439 64
440 3 440 11
441 7 441 15
442 3 442 27
443 9 443 15
444 19 444 37
445 12 445 18
446 3 446 11
449 2 449 40
453 1 453 25
456 1 459 4
461 8 469 3
472 1 474 4
476 10 476 26
477 8 477 33
