1 0 14 3
15 0 15 15
16 0 16 16
17 0 17 16
18 0 18 11
20 0 20 18
21 0 21 23
22 0 22 18
24 10 24 84
25 10 25 54
26 15 26 34
28 9 31 1
34 16 34 31
35 4 35 18
36 19 36 39
38 11 38 14
40 8 40 28
48 9 48 20
49 4 49 16
50 2 50 37
51 15 51 32
52 10 52 37
53 9 53 19
54 26 54 36
55 24 55 46
58 4 58 9
59 5 59 20
60 3 60 55
61 13 61 21
63 8 72 2
75 5 75 32
77 25 77 34
78 8 78 18
79 9 79 18
80 9 80 11
81 10 81 12
83 4 83 13
84 9 84 12
85 11 85 14
86 11 86 14
87 14 87 17
88 9 88 18
91 5 91 23
92 10 92 19
93 10 93 15
94 7 94 29
95 16 95 35
96 7 96 29
97 17 97 36
99 6 99 42
100 11 100 16
104 13 104 16
105 11 105 16
107 10 107 15
109 9 109 27
110 5 110 17
111 19 111 38
114 8 114 12
115 15 115 18
117 25 117 45
119 8 119 71
120 8 127 2
129 10 132 1
138 10 138 17
139 12 139 62
141 8 153 2
156 10 156 17
157 9 157 64
159 8 171 2
173 15 176 1
180 20 180 24
182 4 182 74
183 2 183 38
185 7 185 36
186 4 186 24
187 2 187 49
188 7 188 20
190 8 190 11
192 13 194 1
196 10 196 30
201 10 201 31
202 9 202 24
203 3 203 8
204 9 204 18
205 17 205 54
206 27 206 28
207 3 207 20
208 1 208 41
209 8 209 17
214 10 214 20
215 9 215 28
216 3 216 8
217 9 217 18
218 18 218 62
219 28 219 29
220 3 220 21
221 1 221 41
222 8 222 17
227 10 227 20
228 9 228 28
229 3 229 8
230 9 230 18
231 17 231 61
232 27 232 28
233 3 233 20
234 1 234 41
235 8 235 17
238 1 241 4
242 7 242 23
249 9 249 35
250 8 250 26
256 22 256 26
258 8 263 2
269 7 269 21
271 7 271 42
273 7 273 22
274 8 274 37
274 23 274 26
274 30 274 33
277 8 277 23
279 13 282 1
285 1 288 4
289 8 289 36
291 10 294 1
297 14 297 29
298 8 298 21
299 8 299 18
302 9 302 77
303 10 303 65
305 23 305 31
306 10 306 57
308 2 308 59
