1 0 4 3
5 0 5 18
6 0 6 16
7 0 7 21
8 0 8 13
9 0 9 16
11 0 11 28
12 0 12 33
15 1 17 4
19 1 19 45
20 1 20 41
21 1 21 44
23 1 23 45
24 1 24 46
26 1 26 33
27 1 27 33
28 1 28 35
31 1 33 4
35 8 35 24
36 16 36 34
37 15 37 32
38 15 38 32
39 10 39 26
42 5 42 28
43 5 43 11
44 1 44 14
45 1 45 14
46 1 46 15
49 6 49 40
50 6 50 33
51 6 51 41
52 7 52 24
53 7 53 24
54 7 54 24
56 1 56 18
57 1 57 18
58 1 58 18
59 1 59 16
60 1 60 16
61 1 61 16
64 1 64 17
65 1 65 17
66 1 66 25
68 1 68 17
69 1 69 27
73 1 73 15
74 1 74 12
75 1 75 23
76 1 76 38
77 1 77 29
80 1 80 25
81 1 81 12
82 1 82 45
83 1 83 19
84 1 84 37
86 1 86 25
87 1 87 15
88 1 88 12
89 1 89 23
91 1 91 41
93 1 93 29
95 7 95 31
96 1 96 20
97 1 97 38
99 1 99 15
100 1 100 12
101 1 101 30
102 1 102 27
103 1 103 27
105 1 105 12
106 1 106 27
107 1 107 30
109 10 109 88
110 1 110 39
111 1 111 35
112 1 112 83
113 1 113 39
114 1 114 35
116 1 116 64
117 1 117 27
118 1 118 19
120 1 120 27
122 1 122 16
123 1 123 27
127 1 127 37
128 1 128 18
129 1 129 12
130 10 130 91
131 1 131 39
132 1 132 64
133 1 133 27
135 1 135 6
136 1 136 26
139 1 141 4
143 12 143 14
146 3 146 26
148 11 148 28
149 16 149 34
150 11 150 28
152 8 152 22
153 10 153 26
155 5 155 25
156 1 156 14
159 1 159 47
160 1 160 6
161 9 161 23
162 1 162 19
163 1 163 34
164 1 164 43
165 1 165 6
167 6 167 26
168 5 168 28
169 1 169 16
170 1 170 14
171 1 171 15
172 1 172 41
173 1 173 21
174 1 174 6
175 1 175 33
176 1 176 27
177 1 177 40
178 1 178 6
179 1 179 26
181 3 181 26
182 1 182 12
182 13 182 51
183 1 183 41
