1 0 3 3
4 0 4 22
7 1 9 4
12 1 14 4
17 1 19 4
21 18 21 21
22 1 24 4
26 17 26 32
27 1 29 4
31 20 31 23
32 1 34 4
37 1 39 4
42 1 45 4
47 1 47 34
49 1 51 4
57 1 59 4
62 19 62 22
63 2 65 5
69 2 71 5
75 2 78 5
81 20 81 23
82 2 87 5
90 21 90 24
91 2 96 5
100 2 103 5
107 2 110 5
114 2 116 5
120 2 122 5
126 2 130 5
134 2 138 5
142 2 145 5
149 2 152 5
156 2 159 5
163 2 166 5
170 2 173 5
176 1 178 4
181 2 183 10
184 22 184 28
185 2 187 5
190 20 190 25
191 2 193 5
196 19 196 43
197 2 199 5
202 21 202 25
203 2 206 5
209 24 209 28
210 2 212 5
215 25 215 29
216 2 218 5
221 24 221 28
222 2 224 5
227 1 229 4
231 25 231 55
232 2 234 5
237 2 239 5
242 21 242 25
243 2 245 5
248 2 250 5
252 19 252 22
253 2 259 5
261 24 261 28
262 2 269 5
271 28 271 31
272 2 285 5
288 2 294 5
297 2 299 5
302 2 304 5
