1 0 1 9
2 0 2 10
3 0 3 16
4 0 4 20
7 1 9 4
11 10 11 20
13 5 13 36
15 3 15 37
17 5 17 37
18 3 18 8
20 5 20 66
21 6 21 42
23 4 23 37
25 4 25 45
26 4 26 35
30 7 30 16
31 4 31 13
33 2 33 20
35 13 35 41
37 3 37 29
38 3 38 29
40 8 40 19
40 21 40 39
41 4 41 27
43 3 43 39
46 3 46 24
48 11 48 39
49 10 56 3
58 7 58 18
58 20 58 37
60 3 60 29
61 3 61 29
63 15 63 20
64 4 64 21
65 13 65 23
67 8 67 31
68 6 68 11
69 4 69 43
70 4 70 18
77 2 77 44
78 2 78 44
80 15 80 33
81 2 81 32
84 1 86 4
88 6 88 33
89 12 89 41
90 1 90 39
93 1 95 4
97 6 97 33
99 8 99 34
100 10 100 36
102 12 102 26
103 1 103 39
