1 0 13 3
14 0 14 55
16 14 16 58
19 1 21 4
22 13 24 10
25 23 25 36
26 9 26 30
29 19 29 22
30 9 30 16
33 23 33 26
34 2 37 5
38 7 38 20
39 5 39 36
42 9 42 30
45 19 45 22
46 2 59 5
60 9 60 16
63 19 63 22
64 2 66 5
67 9 67 25
71 2 73 5
74 9 74 28
77 1 79 4
80 13 80 15
82 23 82 26
83 9 85 13
87 2 89 5
90 9 90 24
93 19 93 27
94 2 97 5
98 19 98 23
99 9 99 22
102 42 102 70
103 2 107 5
109 12 109 14
110 11 110 15
111 6 111 21
112 12 112 33
113 7 113 22
115 5 115 59
116 5 116 18
118 14 118 25
119 6 119 45
122 8 122 17
123 16 123 47
125 16 125 18
126 5 126 13
128 4 128 21
130 5 130 12
131 3 131 16
