7 23 7 39
7 29 7 35
9 25 9 54
11 20 11 26
16 32 16 61
17 33 17 61
25 32 25 34
26 24 26 25
46 26 46 48
55 29 58 12
55 32 58 3
58 10 58 11
60 26 60 32
60 26 60 36
60 31 63 12
60 34 63 3
63 10 63 11
119 1 233 2
119 32 121 53
124 33 125 19
125 3 132 8
127 4 127 4
129 4 129 4
130 4 130 4
134 3 229 4
135 3 141 8
137 4 137 4
139 4 139 4
143 3 159 8
145 18 145 18
146 4 146 4
148 8 148 32
149 4 152 5
150 19 150 19
154 4 157 5
155 19 155 19
157 29 157 64
158 30 158 52
159 31 159 73
161 3 167 8
163 18 163 18
165 4 165 4
169 3 176 8
171 18 171 18
174 4 174 4
178 3 229 4
184 4 184 4
188 5 193 10
190 20 190 20
191 20 191 20
195 5 227 10
196 5 201 10
198 20 198 20
199 21 199 21
203 5 208 10
205 20 205 20
206 20 206 20
210 5 215 10
212 20 212 20
213 20 213 20
217 5 223 10
219 20 219 20
220 20 220 20
221 6 221 6
225 5 226 16
227 5 227 10
232 2 232 11
233 33 233 47
234 24 234 59
238 27 238 55
240 1 247 2
242 21 242 21
245 2 245 2
254 1 256 2
260 1 267 2
262 21 262 21
265 2 265 2
266 27 266 27
271 1 322 2
282 7 282 37
283 3 288 4
286 18 286 18
290 3 301 4
329 1 404 2
330 18 330 18
332 12 332 12
332 19 332 19
338 6 338 57
339 2 343 3
345 2 404 2
345 6 345 52
346 3 346 13
348 2 404 2
350 3 374 8
350 8 350 8
356 5 358 10
357 19 357 19
360 5 362 10
365 3 365 8
367 3 374 8
367 8 367 8
368 3 370 8
368 8 368 8
369 17 369 17
372 3 374 8
382 2 404 2
382 6 382 52
383 3 383 13
385 2 404 2
385 6 385 49
385 24 385 24
386 2 396 3
387 7 387 22
387 7 387 39
387 18 387 18
387 26 387 39
388 3 393 4
389 16 389 16
391 8 391 50
392 5 392 30
402 10 403 11
412 1 422 2
415 6 415 36
415 21 415 21
416 2 419 3
421 2 421 11
426 1 465 2
432 6 432 31
432 27 432 27
433 3 433 13
435 2 465 2
436 6 436 34
436 30 436 30
437 3 437 13
439 2 465 2
440 6 440 23
441 2 444 3
448 2 465 2
448 6 448 35
449 2 454 3
451 3 451 3
456 2 465 2
456 6 456 37
457 2 462 3
459 3 459 3
464 2 464 11
476 1 485 2
477 6 477 21
478 3 478 12
480 2 485 2
480 6 480 28
481 3 481 13
483 2 484 11
493 1 532 2
502 27 502 27
506 6 506 11
507 2 527 3
508 11 508 11
510 4 512 9
510 9 510 9
511 5 511 5
514 4 519 14
514 9 514 9
518 5 518 5
520 4 520 9
522 4 524 15
525 4 525 9
529 3 529 25
531 2 531 11
