1 0 3 3
4 0 4 13
5 0 5 18
6 0 6 16
7 0 7 16
9 0 9 32
10 0 10 43
11 0 11 26
13 0 13 19
16 24 16 56
17 22 20 1
21 20 24 1
25 25 28 1
29 21 32 1
34 36 34 40
34 52 34 56
34 62 34 85
35 4 35 29
38 5 38 51
39 10 39 17
40 10 40 11
41 5 41 35
43 3 43 11
45 5 45 24
46 12 46 13
47 3 47 11
49 12 49 24
50 15 50 38
51 6 51 23
53 11 53 35
54 11 54 21
56 11 56 21
57 11 57 21
59 7 59 74
60 2 60 26
63 1 67 4
68 8 68 25
69 9 69 36
72 1 74 4
75 12 75 14
77 10 77 21
78 12 78 53
78 14 78 29
78 33 78 40
79 12 79 28
80 2 80 26
82 4 82 24
83 2 83 39
86 10 86 16
87 1 87 64
87 16 87 31
87 35 87 42
88 4 88 10
89 2 89 23
90 1 90 34
92 8 92 16
95 1 97 4
98 10 98 38
99 7 99 19
100 8 100 59
102 44 102 81
103 1 118 4
120 13 120 47
121 5 121 27
123 3 123 11
126 2 126 54
128 9 128 38
129 1 131 4
133 14 133 28
135 27 135 61
136 22 136 73
139 2 141 5
143 5 143 51
144 45 144 51
146 5 146 48
147 42 147 48
149 11 149 13
150 11 150 13
152 17 152 63
153 6 153 9
154 4 154 28
157 3 157 68
158 9 158 18
161 3 161 7
163 2 163 64
164 44 164 56
167 11 167 17
168 10 168 31
169 10 169 13
170 7 170 15
171 2 173 5
174 9 174 33
175 8 175 76
176 10 176 20
179 2 181 5
182 19 182 42
184 5 184 18
185 6 185 38
190 6 190 32
196 2 198 5
201 13 201 52
202 9 202 17
204 11 204 40
206 10 206 80
209 2 211 5
214 13 214 49
215 9 215 17
217 11 217 26
219 10 219 66
222 13 222 15
222 26 223 2
224 2 227 5
229 11 229 16
231 9 231 45
233 18 233 43
234 12 234 28
235 3 235 67
238 2 241 5
244 10 247 3
250 11 250 47
251 6 251 39
252 4 252 36
255 13 255 26
256 7 256 40
257 2 259 5
261 11 261 25
262 9 262 25
263 9 263 11
264 9 264 44
265 14 265 19
266 13 266 44
268 8 268 12
269 13 269 27
270 3 270 36
271 13 271 49
275 12 275 31
276 10 276 11
277 6 277 23
278 4 278 77
280 4 280 22
282 11 282 44
283 6 283 62
285 12 285 48
286 19 286 72
287 14 287 56
289 13 289 51
290 14 290 62
291 11 291 35
292 4 292 42
294 19 294 21
297 18 297 35
300 9 300 86
301 33 301 36
302 4 302 42
305 12 305 16
306 7 306 30
307 5 307 13
309 7 309 31
310 5 310 45
312 5 312 9
314 3 314 18
