1 0 3 3
4 0 4 12
5 0 5 27
6 0 6 31
9 1 12 4
14 8 14 11
15 8 15 11
16 13 16 55
18 18 18 75
19 1 24 2
26 17 26 80
27 1 32 2
35 1 37 4
38 7 38 55
39 7 39 27
40 6 40 26
41 1 41 41
43 13 43 64
44 1 44 43
45 1 45 15
46 6 46 25
47 2 47 28
49 12 49 63
50 1 50 43
53 1 53 14
54 1 54 29
55 12 55 63
56 1 56 43
59 1 68 4
69 10 69 58
70 7 70 37
71 7 71 37
72 10 72 18
73 3 73 27
74 3 74 41
75 3 75 38
76 3 76 41
78 11 78 35
79 26 79 45
80 1 80 42
81 11 81 44
82 14 82 26
84 1 84 31
85 14 85 49
86 13 86 46
88 5 88 7
89 12 94 2
96 1 96 69
