1 0 9 3
10 0 10 16
11 0 11 16
12 0 12 13
14 13 29 1
32 1 39 4
42 8 42 36
43 8 43 36
44 8 44 36
46 8 46 15
49 1 55 4
57 10 57 38
58 10 58 38
59 10 59 38
61 8 61 62
64 1 73 4
75 10 75 38
77 4 77 17
78 11 78 39
79 6 79 19
80 11 80 39
82 2 82 45
84 10 84 38
86 8 86 14
88 56 88 59
89 1 96 4
98 4 98 18
99 9 99 11
101 7 106 3
108 8 108 11
111 1 113 4
115 8 115 89
118 1 120 4
122 7 122 9
124 10 124 28
125 11 125 40
126 26 126 67
126 44 126 45
126 50 126 66
127 5 127 26
128 10 128 13
129 10 129 82
131 4 131 24
132 18 132 53
133 17 133 47
135 2 135 66
136 2 136 20
137 2 137 65
140 2 142 3
144 10 144 52
147 1 162 4
165 2 167 5
169 21 169 32
170 20 170 30
171 22 171 34
172 17 172 64
173 16 173 79
174 14 174 74
177 2 185 5
187 6 187 81
188 9 188 26
191 2 196 5
198 9 198 72
201 2 204 5
205 9 205 46
208 2 210 5
211 8 211 46
212 2 212 44
213 5 213 15
214 20 214 30
215 9 215 12
218 2 222 5
225 2 225 6
228 2 233 5
235 9 235 66
238 2 243 5
246 3 248 8
256 39 257 2
258 2 260 5
262 5 262 16
263 3 263 48
265 27 265 29
266 3 266 35
268 5 268 13
269 11 269 24
271 11 271 23
273 2 275 25
275 2 275 25
277 2 288 5
290 9 290 60
293 2 296 5
297 2 300 3
303 2 305 5
306 2 309 3
312 2 314 5
315 9 315 29
